# GeoID, y_pred, y_predprob
1,0,0.45254
2,0,0.22543
3,0,0.07201
4,0,0.04452
5,0,0.31459
6,0,0.42894
7,0,0.06128
8,0,0.04780
9,0,0.17325
10,0,0.02825
11,0,0.03626
12,0,0.41776
13,0,0.30444
14,0,0.47707
15,0,0.19042
16,0,0.09850
17,0,0.06965
18,0,0.23462
19,0,0.24297
20,0,0.13227
21,0,0.10071
22,0,0.46136
23,0,0.19734
24,0,0.03746
25,0,0.02904
26,0,0.11534
27,0,0.31235
28,0,0.09623
29,0,0.10606
30,0,0.02312
31,0,0.62569
32,0,0.12853
33,0,0.10575
34,0,0.03425
35,0,0.07432
36,0,0.01928
37,0,0.13900
38,0,0.09661
39,0,0.17064
40,0,0.37626
41,0,0.14418
42,0,0.23604
43,0,0.10516
44,0,0.52114
45,0,0.24282
46,0,0.11667
47,0,0.37592
48,0,0.04260
49,0,0.04982
50,0,0.03363
51,0,0.22268
52,0,0.27001
53,0,0.07235
54,0,0.48703
55,0,0.00701
56,0,0.07208
57,0,0.22694
58,0,0.11386
59,0,0.54506
60,0,0.01991
61,0,0.02641
62,0,0.05283
63,0,0.00832
64,0,0.38767
65,0,0.06640
66,0,0.06975
67,0,0.03639
68,0,0.07245
69,0,0.35590
70,0,0.00781
71,0,0.18173
72,0,0.02711
73,0,0.05064
74,0,0.44133
75,0,0.05376
76,0,0.25469
77,0,0.18161
78,0,0.06216
79,0,0.04058
80,0,0.03135
81,0,0.33191
82,0,0.01713
83,0,0.48475
84,0,0.14770
85,0,0.07098
86,0,0.42258
87,0,0.00782
88,0,0.00849
89,0,0.01318
90,0,0.11107
91,0,0.02523
92,0,0.06079
93,0,0.51240
94,0,0.33512
95,0,0.33046
96,0,0.43772
97,0,0.38026
98,0,0.32434
99,0,0.00748
100,0,0.02240
101,0,0.26337
102,0,0.01442
103,0,0.14432
104,0,0.45269
105,0,0.01572
106,0,0.01931
107,0,0.32195
108,0,0.37473
109,0,0.01889
110,0,0.00925
111,0,0.01701
112,0,0.26941
113,0,0.24002
114,0,0.00524
115,0,0.00650
116,0,0.00723
117,0,0.22123
118,0,0.08825
119,0,0.00750
120,0,0.01962
121,0,0.55961
122,0,0.00944
123,0,0.17279
124,0,0.01182
125,0,0.05656
126,0,0.04484
127,0,0.37735
128,0,0.01303
129,0,0.02013
130,0,0.00668
131,0,0.00684
132,0,0.00489
133,0,0.18691
134,0,0.10248
135,0,0.02520
136,0,0.05128
137,0,0.04355
138,0,0.05487
139,0,0.00884
140,0,0.00665
141,0,0.34058
142,0,0.17869
143,0,0.21584
144,0,0.48604
145,0,0.18393
146,0,0.36617
147,0,0.18287
148,0,0.50965
149,0,0.00645
150,0,0.21624
151,0,0.07832
152,0,0.09103
153,0,0.00436
154,0,0.09644
155,0,0.05925
156,0,0.00654
157,0,0.55755
158,0,0.09115
159,0,0.51474
160,0,0.00437
161,0,0.13257
162,0,0.41977
163,0,0.27464
164,0,0.12207
165,0,0.09018
166,0,0.16513
167,0,0.13139
168,0,0.00546
169,0,0.47647
170,0,0.50330
171,0,0.00451
172,0,0.12049
173,0,0.26284
174,0,0.01926
175,0,0.10293
176,0,0.09085
177,0,0.05829
178,0,0.19175
179,0,0.10188
180,0,0.07711
181,0,0.05128
182,0,0.13274
183,0,0.49426
184,0,0.37180
185,0,0.38208
186,0,0.06978
187,0,0.01268
188,0,0.17507
189,0,0.00637
190,0,0.07561
191,0,0.09910
192,0,0.04982
193,0,0.01793
194,0,0.01925
195,0,0.05119
196,0,0.04106
197,0,0.12881
198,0,0.18592
199,0,0.04474
200,0,0.09733
201,0,0.23437
202,0,0.12461
203,0,0.07297
204,0,0.52658
205,0,0.11454
206,0,0.08557
207,0,0.05131
208,0,0.33182
209,0,0.05684
210,0,0.28266
211,0,0.26190
212,0,0.02209
213,0,0.47168
214,0,0.06238
215,0,0.13323
216,0,0.11652
217,0,0.08252
218,0,0.07860
219,0,0.44851
220,0,0.09303
221,0,0.04271
222,0,0.14450
223,0,0.46698
224,0,0.18168
225,0,0.35454
226,0,0.41044
227,0,0.07328
228,0,0.41098
229,0,0.32048
230,0,0.49635
231,0,0.54410
232,0,0.32396
233,0,0.45422
234,0,0.13452
235,0,0.20187
236,0,0.33834
237,0,0.40130
238,0,0.34294
239,0,0.15298
240,0,0.38443
241,0,0.02615
242,0,0.42266
243,0,0.15470
244,0,0.08676
245,0,0.15390
246,0,0.39236
247,0,0.37672
248,0,0.39477
249,0,0.08497
250,0,0.30342
251,0,0.16234
252,0,0.29006
253,0,0.32221
254,0,0.15426
255,0,0.27835
256,0,0.08903
257,0,0.04133
258,0,0.56444
259,0,0.30796
260,0,0.44472
261,0,0.37909
262,0,0.52836
263,0,0.08873
264,0,0.03449
265,0,0.57354
266,0,0.02826
267,0,0.23638
268,0,0.05693
269,0,0.05126
270,0,0.08678
271,0,0.02419
272,0,0.15909
273,0,0.73139
274,0,0.05897
275,0,0.34962
276,0,0.49828
277,0,0.27688
278,0,0.12534
279,0,0.65356
280,0,0.73766
281,0,0.53100
282,0,0.17297
283,0,0.05280
284,0,0.37489
285,0,0.02047
286,0,0.38218
287,0,0.71163
288,0,0.07134
289,0,0.08341
290,0,0.09623
291,0,0.16274
292,0,0.00704
293,0,0.01511
294,0,0.08894
295,0,0.03323
296,0,0.03480
297,0,0.12456
298,0,0.07368
299,0,0.05540
300,0,0.06287
301,0,0.09191
302,0,0.16701
303,0,0.12763
304,0,0.19093
305,0,0.04138
306,0,0.03238
307,0,0.04002
308,0,0.26502
309,0,0.07207
310,0,0.08225
311,0,0.07838
312,0,0.02652
313,0,0.36278
314,0,0.45108
315,0,0.48342
316,0,0.04921
317,0,0.04456
318,0,0.01621
319,0,0.44905
320,0,0.02089
321,0,0.08558
322,0,0.05437
323,0,0.07571
324,0,0.08091
325,0,0.06677
326,0,0.05928
327,0,0.19986
328,0,0.24676
329,0,0.21988
330,0,0.06128
331,0,0.23185
332,0,0.02948
333,0,0.04804
334,0,0.55610
335,0,0.47495
336,0,0.02490
337,0,0.41039
338,0,0.02939
339,0,0.04393
340,0,0.04219
341,0,0.02765
342,0,0.06870
343,0,0.30525
344,0,0.01532
345,0,0.01180
346,0,0.04772
347,0,0.03310
348,0,0.47476
349,0,0.06501
350,0,0.05282
351,0,0.07628
352,0,0.12979
353,0,0.02830
354,0,0.58998
355,0,0.03584
356,0,0.62687
357,0,0.13467
358,0,0.32019
359,0,0.34897
360,0,0.03492
361,0,0.01013
362,0,0.00825
363,0,0.19780
364,0,0.02483
365,0,0.02534
366,0,0.39833
367,0,0.24400
368,0,0.02882
369,0,0.04867
370,0,0.05116
371,0,0.01661
372,0,0.05008
373,0,0.01966
374,0,0.01828
375,0,0.12380
376,0,0.53778
377,0,0.10558
378,0,0.36238
379,0,0.08388
380,0,0.00682
381,0,0.10581
382,0,0.03517
383,0,0.08142
384,0,0.03853
385,0,0.14891
386,0,0.03431
387,0,0.01328
388,0,0.44866
389,0,0.01738
390,0,0.07836
391,0,0.04845
392,0,0.44185
393,0,0.04377
394,0,0.00785
395,0,0.01775
396,0,0.12107
397,0,0.17604
398,0,0.08683
399,0,0.00441
400,0,0.08848
401,0,0.00413
402,0,0.09007
403,0,0.00421
404,0,0.08970
405,0,0.10115
406,0,0.07336
407,0,0.04112
408,0,0.42211
409,0,0.08578
410,0,0.25988
411,0,0.40326
412,0,0.24595
413,0,0.30604
414,0,0.18840
415,0,0.11786
416,0,0.13032
417,0,0.13961
418,0,0.04208
419,0,0.29901
420,0,0.02538
421,0,0.11383
422,0,0.22721
423,0,0.36612
424,0,0.28469
425,0,0.11979
426,0,0.30531
427,0,0.26108
428,0,0.16288
429,0,0.03488
430,0,0.14228
431,0,0.03470
432,0,0.14492
433,0,0.45494
434,0,0.25363
435,0,0.11984
436,0,0.04236
437,0,0.13167
438,0,0.30171
439,0,0.04997
440,0,0.02186
441,0,0.34952
442,0,0.11885
443,0,0.01837
444,0,0.08346
445,0,0.02216
446,0,0.17911
447,0,0.17135
448,0,0.02340
449,0,0.20884
450,0,0.14343
451,0,0.08234
452,0,0.06414
453,0,0.27110
454,0,0.11710
455,0,0.13076
456,0,0.12284
457,0,0.00984
458,0,0.17911
459,0,0.01857
460,0,0.10419
461,0,0.01481
462,0,0.08597
463,0,0.18440
464,0,0.11707
465,0,0.20080
466,0,0.17041
467,0,0.38215
468,0,0.46442
469,0,0.06555
470,0,0.25191
471,0,0.38950
472,0,0.10543
473,0,0.10130
474,0,0.02270
475,0,0.13073
476,0,0.13112
477,0,0.07567
478,0,0.02921
479,0,0.03792
480,0,0.09826
481,0,0.06655
482,0,0.01499
483,0,0.43987
484,0,0.01131
485,0,0.19970
486,0,0.07723
487,0,0.10023
488,0,0.03159
489,0,0.11136
490,0,0.07990
491,0,0.10854
492,0,0.03914
493,0,0.03338
494,0,0.03537
495,0,0.51838
496,0,0.06333
497,0,0.56852
498,0,0.29225
499,0,0.07591
500,0,0.04283
501,0,0.55751
502,0,0.42940
503,0,0.15306
504,0,0.11410
505,0,0.41786
506,0,0.48505
507,0,0.53559
508,0,0.51708
509,0,0.01412
510,0,0.08591
511,0,0.52183
512,0,0.02009
513,0,0.45171
514,0,0.52164
515,0,0.05032
516,0,0.03433
517,0,0.34703
518,0,0.11528
519,0,0.12151
520,0,0.15375
521,0,0.09154
522,0,0.11020
523,0,0.08135
524,0,0.07146
525,0,0.09959
526,0,0.09366
527,0,0.14272
528,0,0.54962
529,0,0.14055
530,0,0.05367
531,0,0.07012
532,0,0.00975
533,0,0.14663
534,0,0.17169
535,0,0.31279
536,0,0.03563
537,0,0.05642
538,0,0.08671
539,0,0.43603
540,0,0.27173
541,0,0.13687
542,0,0.07596
543,0,0.10593
544,0,0.27834
545,0,0.08383
546,0,0.08542
547,0,0.04547
548,0,0.11007
549,0,0.10660
550,0,0.00608
551,0,0.03923
552,0,0.00836
553,0,0.04050
554,0,0.09445
555,0,0.27935
556,0,0.42723
557,0,0.09710
558,0,0.16246
559,0,0.25289
560,0,0.59220
561,0,0.13286
562,0,0.02564
563,0,0.07631
564,0,0.07679
565,0,0.44305
566,0,0.33058
567,0,0.59878
568,0,0.06093
569,0,0.03500
570,0,0.02584
571,0,0.13198
572,0,0.31980
573,0,0.03504
574,0,0.06703
575,0,0.08186
576,0,0.03835
577,0,0.31642
578,0,0.13607
579,0,0.11915
580,0,0.42120
581,0,0.38689
582,0,0.10739
583,0,0.03805
584,0,0.06110
585,0,0.26467
586,0,0.05968
587,0,0.09560
588,0,0.11804
589,0,0.09739
590,0,0.02835
591,0,0.39850
592,0,0.38407
593,0,0.58613
594,0,0.29440
595,0,0.14299
596,0,0.10234
597,0,0.03353
598,0,0.06841
599,0,0.11187
600,0,0.04388
601,0,0.03500
602,0,0.43688
603,0,0.37875
604,0,0.02722
605,0,0.37954
606,0,0.03086
607,0,0.03980
608,0,0.08105
609,0,0.03801
610,0,0.03401
611,0,0.02868
612,0,0.03243
613,0,0.47690
614,0,0.12066
615,0,0.02813
616,0,0.04300
617,0,0.00524
618,0,0.64319
619,0,0.38847
620,0,0.51915
621,0,0.42889
622,0,0.38076
623,0,0.60048
624,0,0.28553
625,0,0.14949
626,0,0.49043
627,0,0.17826
628,0,0.44067
629,0,0.01482
630,0,0.01001
631,0,0.12387
632,0,0.03955
633,0,0.38091
634,0,0.48545
635,0,0.04623
636,0,0.50660
637,0,0.25608
638,0,0.30698
639,0,0.53632
640,0,0.58208
641,0,0.06921
642,0,0.12290
643,0,0.42879
644,0,0.02637
645,0,0.03157
646,0,0.04031
647,0,0.13691
648,0,0.11407
649,0,0.03124
650,0,0.37063
651,0,0.57647
652,0,0.42363
653,0,0.06354
654,0,0.10886
655,0,0.53870
656,0,0.26714
657,0,0.47459
658,0,0.14366
659,0,0.43165
660,0,0.09331
661,0,0.07034
662,0,0.12539
663,0,0.02037
664,0,0.30470
665,0,0.08712
666,0,0.01545
667,0,0.27812
668,0,0.09926
669,0,0.45531
670,0,0.01923
671,0,0.04864
672,0,0.34952
673,0,0.07691
674,0,0.11402
675,0,0.38006
676,0,0.05676
677,0,0.14299
678,0,0.24208
679,0,0.11698
680,0,0.08992
681,0,0.29093
682,0,0.57954
683,0,0.22882
684,0,0.60662
685,0,0.32630
686,0,0.05985
687,0,0.06094
688,0,0.40765
689,0,0.14100
690,0,0.39456
691,0,0.51613
692,0,0.42055
693,0,0.54317
694,0,0.01662
695,0,0.04792
696,0,0.01242
697,0,0.38651
698,0,0.07617
699,0,0.12718
700,0,0.01833
701,0,0.48346
702,0,0.05800
703,0,0.29562
704,0,0.38616
705,0,0.24631
706,0,0.08725
707,0,0.59507
708,0,0.13093
709,0,0.02818
710,0,0.34160
711,0,0.07134
712,0,0.01676
713,0,0.00631
714,0,0.49019
715,0,0.11344
716,0,0.45710
717,0,0.03460
718,0,0.02548
719,0,0.15922
720,0,0.18666
721,0,0.27761
722,0,0.39784
723,0,0.45677
724,0,0.35212
725,0,0.03152
726,0,0.02451
727,0,0.51130
728,0,0.00846
729,0,0.21235
730,0,0.40493
731,0,0.00546
732,0,0.09886
733,0,0.06993
734,0,0.53980
735,0,0.14155
736,0,0.59184
737,0,0.02287
738,0,0.11603
739,0,0.36181
740,0,0.06196
741,0,0.60234
742,0,0.30922
743,0,0.09181
744,0,0.21449
745,0,0.12862
746,0,0.37435
747,0,0.15639
748,0,0.36657
749,0,0.20077
750,0,0.00544
751,0,0.10159
752,0,0.33016
753,0,0.57870
754,0,0.25716
755,0,0.48130
756,0,0.50030
757,0,0.49106
758,0,0.00515
759,0,0.28905
760,0,0.04991
761,0,0.55368
762,0,0.18390
763,0,0.04150
764,0,0.07090
765,0,0.28751
766,0,0.05206
767,0,0.09175
768,0,0.05499
769,0,0.60207
770,0,0.08620
771,0,0.52332
772,0,0.61833
773,0,0.01552
774,0,0.13174
775,0,0.14095
776,0,0.05623
777,0,0.62423
778,0,0.59046
779,0,0.06494
780,0,0.47499
781,0,0.19251
782,0,0.04874
783,0,0.06198
784,0,0.06113
785,0,0.08892
786,0,0.66277
787,0,0.57796
788,0,0.09380
789,0,0.03425
790,0,0.08135
791,0,0.02544
792,0,0.06335
793,0,0.07244
794,0,0.37595
795,0,0.22365
796,0,0.14676
797,0,0.08402
798,0,0.12264
799,0,0.06281
800,0,0.06666
801,0,0.04128
802,0,0.01487
803,0,0.03378
804,0,0.44935
805,0,0.41422
806,0,0.03467
807,0,0.27293
808,0,0.10306
809,0,0.59232
810,0,0.48210
811,0,0.27025
812,0,0.52341
813,0,0.07202
814,0,0.14702
815,0,0.06582
816,0,0.37330
817,0,0.08385
818,0,0.12356
819,0,0.44542
820,0,0.61803
821,0,0.07756
822,0,0.47578
823,0,0.04812
824,0,0.11672
825,0,0.03664
826,0,0.10686
827,0,0.42410
828,0,0.09882
829,0,0.13288
830,0,0.03609
831,0,0.03297
832,0,0.00719
833,0,0.01780
834,0,0.34550
835,0,0.03082
836,0,0.03019
837,0,0.23145
838,0,0.04007
839,0,0.56263
840,0,0.04462
841,0,0.62659
842,0,0.41748
843,0,0.11336
844,0,0.50746
845,0,0.35449
846,0,0.03778
847,0,0.13975
848,0,0.16283
849,0,0.00579
850,0,0.06201
851,0,0.04214
852,0,0.05780
853,0,0.10176
854,0,0.12757
855,0,0.46583
856,0,0.02893
857,0,0.04194
858,0,0.06979
859,0,0.01113
860,0,0.47555
861,0,0.04417
862,0,0.40015
863,0,0.08037
864,0,0.46482
865,0,0.04678
866,0,0.34568
867,0,0.08189
868,0,0.32749
869,0,0.01891
870,0,0.01479
871,0,0.22378
872,0,0.21691
873,0,0.03570
874,0,0.06450
875,0,0.09474
876,0,0.11004
877,0,0.13849
878,0,0.00976
879,0,0.07437
880,0,0.12199
881,0,0.20370
882,0,0.15580
883,0,0.06248
884,0,0.05328
885,0,0.03224
886,0,0.09970
887,0,0.54220
888,0,0.54764
889,0,0.10936
890,0,0.38737
891,0,0.04122
892,0,0.30184
893,0,0.12268
894,0,0.47915
895,0,0.24348
896,0,0.13560
897,0,0.19324
898,0,0.67676
899,0,0.10783
900,0,0.14845
901,0,0.09735
902,0,0.08352
903,0,0.03514
904,0,0.16797
905,0,0.12700
906,0,0.47159
907,0,0.48656
908,0,0.00649
909,0,0.06435
910,0,0.20364
911,0,0.09982
912,0,0.53179
913,0,0.08893
914,0,0.00691
915,0,0.00972
916,0,0.41981
917,0,0.39276
918,0,0.34288
919,0,0.07199
920,0,0.05416
921,0,0.02368
922,0,0.29305
923,0,0.46235
924,0,0.17404
925,0,0.11374
926,0,0.33160
927,0,0.53791
928,0,0.02067
929,0,0.19251
930,0,0.09107
931,0,0.00728
932,0,0.02373
933,0,0.13321
934,0,0.06169
935,0,0.02906
936,0,0.02936
937,0,0.64134
938,0,0.14334
939,0,0.33599
940,0,0.01068
941,0,0.01347
942,0,0.12755
943,0,0.73339
944,0,0.46473
945,0,0.03394
946,0,0.03104
947,0,0.56018
948,0,0.07890
949,0,0.24800
950,0,0.70396
951,0,0.08999
952,0,0.59723
953,0,0.02917
954,0,0.10309
955,0,0.02035
956,0,0.12487
957,0,0.08121
958,0,0.05446
959,0,0.38774
960,0,0.10869
961,0,0.16582
962,0,0.86787
963,0,0.18432
964,0,0.09783
965,0,0.13045
966,0,0.03908
967,0,0.05070
968,0,0.15907
969,0,0.06121
970,0,0.15015
971,0,0.01973
972,0,0.68166
973,0,0.55362
974,0,0.57732
975,0,0.13325
976,0,0.15735
977,0,0.29010
978,0,0.08323
979,0,0.58091
980,0,0.44574
981,0,0.45636
982,0,0.63142
983,0,0.01056
984,0,0.59666
985,0,0.13872
986,0,0.19204
987,0,0.58765
988,0,0.64518
989,0,0.00568
990,0,0.07842
991,0,0.18294
992,0,0.07313
993,0,0.55768
994,0,0.11580
995,0,0.25783
996,0,0.53131
997,0,0.04163
998,0,0.07356
999,0,0.58094
1000,0,0.01382
1001,0,0.01054
1002,0,0.04648
1003,0,0.03759
1004,0,0.18659
1005,0,0.07334
1006,0,0.01206
1007,0,0.57226
1008,0,0.02800
1009,0,0.08572
1010,0,0.07001
1011,0,0.62559
1012,0,0.08081
1013,0,0.01914
1014,0,0.09525
1015,0,0.14905
1016,0,0.08208
1017,0,0.01785
1018,0,0.22014
1019,0,0.08001
1020,0,0.61278
1021,0,0.47672
1022,0,0.04005
1023,0,0.70694
1024,0,0.10808
1025,0,0.01991
1026,0,0.47509
1027,0,0.03142
1028,0,0.08456
1029,0,0.07811
1030,0,0.05572
1031,0,0.10439
1032,0,0.01945
1033,0,0.06805
1034,0,0.07062
1035,0,0.06604
1036,0,0.16484
1037,0,0.18446
1038,0,0.11260
1039,0,0.11632
1040,0,0.04757
1041,0,0.05199
1042,0,0.47072
1043,0,0.01506
1044,0,0.08653
1045,0,0.09790
1046,0,0.64404
1047,0,0.14514
1048,0,0.09693
1049,0,0.01311
1050,0,0.30872
1051,0,0.10607
1052,0,0.01277
1053,0,0.35733
1054,0,0.76481
1055,0,0.80115
1056,0,0.04472
1057,0,0.75447
1058,0,0.02657
1059,0,0.08324
1060,0,0.01026
1061,0,0.61610
1062,0,0.05418
1063,0,0.02746
1064,0,0.63161
1065,0,0.72044
1066,0,0.66154
1067,0,0.40657
1068,0,0.39858
1069,0,0.31296
1070,0,0.31250
1071,0,0.14747
1072,0,0.15143
1073,0,0.79620
1074,0,0.05111
1075,0,0.70096
1076,0,0.38094
1077,0,0.31403
1078,0,0.33882
1079,0,0.54874
1080,0,0.49934
1081,0,0.21228
1082,0,0.09099
1083,0,0.15572
1084,0,0.65769
1085,0,0.16270
1086,0,0.08352
1087,0,0.22173
1088,0,0.76297
1089,0,0.11950
1090,0,0.64003
1091,0,0.00845
1092,0,0.10288
1093,0,0.03401
1094,0,0.65527
1095,0,0.01363
1096,0,0.10264
1097,0,0.57624
1098,0,0.24676
1099,0,0.52307
1100,0,0.08670
1101,0,0.02003
1102,0,0.71037
1103,0,0.34394
1104,0,0.70569
1105,0,0.01026
1106,0,0.22760
1107,0,0.00586
1108,0,0.20563
1109,0,0.58106
1110,0,0.00956
1111,0,0.02508
1112,0,0.06288
1113,0,0.62140
1114,0,0.41819
1115,0,0.01182
1116,0,0.08032
1117,0,0.03227
1118,0,0.09770
1119,0,0.01022
1120,0,0.29543
1121,0,0.00668
1122,0,0.00903
1123,0,0.14805
1124,0,0.12332
1125,0,0.01357
1126,0,0.03840
1127,0,0.02028
1128,0,0.60249
1129,0,0.00869
1130,0,0.00870
1131,0,0.00494
1132,0,0.03976
1133,0,0.12249
1134,0,0.03559
1135,0,0.17681
1136,0,0.01502
1137,0,0.66162
1138,0,0.34223
1139,0,0.02105
1140,0,0.14268
1141,0,0.07670
1142,0,0.05296
1143,0,0.70886
1144,0,0.09132
1145,0,0.03655
1146,0,0.74381
1147,0,0.56206
1148,0,0.02449
1149,0,0.77842
1150,0,0.02832
1151,0,0.06498
1152,0,0.09886
1153,0,0.82612
1154,0,0.06874
1155,0,0.13427
1156,0,0.01021
1157,0,0.14296
1158,0,0.00860
1159,0,0.02827
1160,0,0.52752
1161,0,0.73022
1162,0,0.55621
1163,0,0.49045
1164,0,0.02348
1165,0,0.52146
1166,0,0.01377
1167,0,0.02402
1168,0,0.05500
1169,0,0.01084
1170,0,0.03011
1171,0,0.01462
1172,0,0.01504
1173,0,0.01133
1174,0,0.02743
1175,0,0.05865
1176,0,0.01470
1177,0,0.00870
1178,0,0.03030
1179,0,0.01071
1180,0,0.00780
1181,0,0.01498
1182,0,0.01051
1183,0,0.01654
1184,0,0.45263
1185,0,0.63440
1186,0,0.02525
1187,0,0.04268
1188,0,0.73068
1189,0,0.18637
1190,0,0.01838
1191,0,0.01028
1192,0,0.74035
1193,0,0.22190
1194,0,0.30997
1195,0,0.01475
1196,0,0.01838
1197,0,0.02429
1198,0,0.52864
1199,0,0.09212
1200,0,0.57795
1201,0,0.02254
1202,0,0.23490
1203,0,0.03284
1204,0,0.01137
1205,0,0.07538
1206,0,0.59517
1207,0,0.01176
1208,0,0.55756
1209,0,0.13473
1210,0,0.04951
1211,0,0.60847
1212,0,0.68378
1213,0,0.45774
1214,0,0.14689
1215,0,0.20481
1216,0,0.12669
1217,0,0.14077
1218,0,0.14644
1219,0,0.12440
1220,0,0.33668
1221,0,0.06949
1222,0,0.05913
1223,0,0.44672
1224,0,0.31205
1225,0,0.12910
1226,0,0.09394
1227,0,0.12962
1228,0,0.11294
1229,0,0.74264
1230,0,0.28521
1231,0,0.08622
1232,0,0.00482
1233,0,0.10519
1234,0,0.00937
1235,0,0.09253
1236,0,0.02435
1237,0,0.62277
1238,0,0.17731
1239,0,0.77515
1240,0,0.65119
1241,0,0.43227
1242,0,0.71450
1243,0,0.09727
1244,0,0.07344
1245,0,0.08177
1246,0,0.34065
1247,0,0.00757
1248,0,0.06030
1249,0,0.41443
1250,0,0.10552
1251,0,0.02721
1252,0,0.14403
1253,0,0.04641
1254,0,0.08023
1255,0,0.03405
1256,0,0.77452
1257,0,0.08810
1258,0,0.15154
1259,0,0.00631
1260,0,0.03475
1261,0,0.11801
1262,0,0.01141
1263,0,0.02017
1264,0,0.03062
1265,0,0.62886
1266,0,0.23031
1267,0,0.55357
1268,0,0.63708
1269,0,0.01341
1270,0,0.45983
1271,0,0.03208
1272,0,0.20182
1273,0,0.47270
1274,0,0.10985
1275,0,0.44343
1276,0,0.44475
1277,0,0.50146
1278,0,0.81688
1279,0,0.02621
1280,0,0.56078
1281,0,0.32231
1282,0,0.52033
1283,0,0.85451
1284,0,0.03265
1285,0,0.00864
1286,0,0.01835
1287,0,0.16507
1288,0,0.50573
1289,0,0.83693
1290,0,0.48715
1291,0,0.03086
1292,0,0.04797
1293,0,0.06449
1294,0,0.03747
1295,0,0.22303
1296,0,0.01336
1297,0,0.05818
1298,0,0.00602
1299,0,0.03389
1300,0,0.06497
1301,0,0.70619
1302,0,0.04699
1303,0,0.53487
1304,0,0.03416
1305,0,0.05849
1306,0,0.80526
1307,0,0.43499
1308,0,0.02667
1309,0,0.52530
1310,0,0.01944
1311,0,0.04152
1312,0,0.05080
1313,0,0.66878
1314,0,0.77548
1315,0,0.03548
1316,0,0.02085
1317,0,0.07318
1318,0,0.37833
1319,0,0.16541
1320,0,0.51626
1321,0,0.03622
1322,0,0.33595
1323,0,0.59228
1324,0,0.08759
1325,0,0.03384
1326,0,0.03377
1327,0,0.71820
1328,0,0.64719
1329,0,0.60495
1330,0,0.58189
1331,0,0.03083
1332,0,0.06428
1333,0,0.14358
1334,0,0.02320
1335,0,0.07145
1336,0,0.47875
1337,0,0.69451
1338,0,0.30850
1339,0,0.02569
1340,0,0.14546
1341,0,0.23937
1342,0,0.02329
1343,0,0.07059
1344,0,0.12911
1345,0,0.01475
1346,0,0.75114
1347,0,0.13248
1348,0,0.04252
1349,0,0.03506
1350,0,0.30441
1351,0,0.02084
1352,0,0.06923
1353,0,0.02149
1354,0,0.06438
1355,0,0.03308
1356,0,0.68712
1357,0,0.00486
1358,0,0.58357
1359,0,0.12815
1360,0,0.04008
1361,0,0.45905
1362,0,0.02480
1363,0,0.01664
1364,0,0.00941
1365,0,0.46136
1366,0,0.02240
1367,0,0.05144
1368,0,0.05626
1369,0,0.01369
1370,0,0.02657
1371,0,0.02946
1372,0,0.03214
1373,0,0.42664
1374,0,0.01726
1375,0,0.01153
1376,0,0.82066
1377,0,0.01092
1378,0,0.15034
1379,0,0.15050
1380,0,0.80619
1381,0,0.00755
1382,0,0.31565
1383,0,0.00695
1384,0,0.01243
1385,0,0.02141
1386,0,0.67046
1387,0,0.05918
1388,0,0.04736
1389,0,0.08938
1390,0,0.07108
1391,0,0.02775
1392,0,0.01318
1393,0,0.19106
1394,0,0.01720
1395,0,0.02046
1396,0,0.42412
1397,0,0.02754
1398,0,0.01347
1399,0,0.15996
1400,0,0.68998
1401,0,0.11859
1402,0,0.00781
1403,0,0.16823
1404,0,0.76571
1405,0,0.86567
1406,0,0.05183
1407,0,0.02077
1408,0,0.00926
1409,0,0.04988
1410,0,0.01508
1411,0,0.00748
1412,0,0.01521
1413,0,0.11079
1414,0,0.13111
1415,0,0.03876
1416,0,0.09219
1417,0,0.27550
1418,0,0.78073
1419,0,0.01027
1420,0,0.08786
1421,0,0.84272
1422,0,0.00987
1423,0,0.71783
1424,0,0.60018
1425,0,0.20049
1426,0,0.10177
1427,0,0.54204
1428,0,0.55209
1429,0,0.02898
1430,0,0.07843
1431,0,0.04325
1432,0,0.78189
1433,0,0.29554
1434,0,0.01708
1435,0,0.11012
1436,0,0.06239
1437,0,0.32385
1438,0,0.30079
1439,0,0.44386
1440,0,0.54571
1441,0,0.71294
1442,0,0.50865
1443,0,0.23590
1444,0,0.03606
1445,0,0.06407
1446,0,0.71833
1447,0,0.58512
1448,0,0.30188
1449,0,0.86324
1450,0,0.45116
1451,0,0.45760
1452,0,0.52764
1453,0,0.57329
1454,0,0.56737
1455,0,0.42069
1456,0,0.76231
1457,0,0.64570
1458,0,0.24874
1459,0,0.06849
1460,0,0.06478
1461,0,0.83090
1462,0,0.02478
1463,0,0.11475
1464,0,0.26969
1465,0,0.47051
1466,0,0.54753
1467,0,0.84702
1468,0,0.66668
1469,0,0.83220
1470,0,0.54153
1471,0,0.16412
1472,0,0.31054
1473,0,0.57557
1474,0,0.03436
1475,0,0.45277
1476,0,0.80942
1477,0,0.50933
1478,0,0.43277
1479,0,0.42953
1480,0,0.14247
1481,0,0.08891
1482,0,0.27405
1483,0,0.74472
1484,0,0.71430
1485,0,0.74930
1486,0,0.48435
1487,0,0.04946
1488,0,0.68085
1489,0,0.02925
1490,0,0.06718
1491,0,0.05341
1492,0,0.15177
1493,0,0.41756
1494,0,0.28812
1495,0,0.71361
1496,0,0.54339
1497,0,0.51060
1498,0,0.82394
1499,0,0.58553
1500,0,0.25862
1501,0,0.47357
1502,0,0.19252
1503,0,0.75439
1504,0,0.07857
1505,0,0.19452
1506,0,0.51009
1507,0,0.20343
1508,0,0.80379
1509,0,0.60578
1510,0,0.38230
1511,0,0.68364
1512,0,0.46213
1513,0,0.82272
1514,0,0.82629
1515,0,0.69179
1516,0,0.53931
1517,0,0.56636
1518,0,0.83391
1519,0,0.41013
1520,0,0.77363
1521,0,0.06246
1522,0,0.23882
1523,0,0.21530
1524,0,0.56779
1525,0,0.18483
1526,0,0.85321
1527,0,0.20187
1528,0,0.12073
1529,0,0.63008
1530,0,0.14263
1531,0,0.70258
1532,0,0.61867
1533,0,0.14759
1534,0,0.12969
1535,0,0.82924
1536,0,0.41141
1537,0,0.52001
1538,0,0.66096
1539,0,0.20779
1540,0,0.37829
1541,0,0.72440
1542,0,0.04680
1543,0,0.15195
1544,0,0.25435
1545,0,0.20303
1546,0,0.63701
1547,0,0.83310
1548,0,0.59632
1549,0,0.56222
1550,0,0.80908
1551,0,0.86141
1552,0,0.82002
1553,0,0.64554
1554,0,0.50104
1555,0,0.08775
1556,0,0.57630
1557,0,0.51095
1558,0,0.81105
1559,0,0.05486
1560,0,0.60128
1561,0,0.46225
1562,0,0.37197
1563,0,0.01746
1564,0,0.04123
1565,0,0.17684
1566,0,0.40031
1567,0,0.05377
1568,0,0.69182
1569,0,0.47750
1570,0,0.62261
1571,0,0.14988
1572,0,0.02660
1573,0,0.42259
1574,0,0.66494
1575,0,0.64023
1576,0,0.03457
1577,0,0.06877
1578,0,0.05374
1579,0,0.05522
1580,0,0.06469
1581,0,0.40598
1582,0,0.08394
1583,0,0.83282
1584,0,0.57469
1585,0,0.34214
1586,0,0.10070
1587,0,0.33754
1588,0,0.64184
1589,0,0.31423
1590,0,0.01150
1591,0,0.72855
1592,0,0.25019
1593,0,0.02609
1594,0,0.37181
1595,0,0.07848
1596,0,0.06032
1597,0,0.09163
1598,0,0.05404
1599,0,0.61582
1600,0,0.03579
1601,0,0.40483
1602,0,0.06825
1603,0,0.12519
1604,0,0.23951
1605,0,0.46738
1606,0,0.00587
1607,0,0.64206
1608,0,0.19405
1609,0,0.01250
1610,0,0.02771
1611,0,0.06632
1612,0,0.65089
1613,0,0.05269
1614,0,0.05608
1615,0,0.12048
1616,0,0.54062
1617,0,0.47700
1618,0,0.06434
1619,0,0.52870
1620,0,0.03654
1621,0,0.59913
1622,0,0.45034
1623,0,0.34985
1624,0,0.45734
1625,0,0.26492
1626,0,0.04621
1627,0,0.47422
1628,0,0.06032
1629,0,0.14798
1630,0,0.03893
1631,0,0.55804
1632,0,0.51548
1633,0,0.10387
1634,0,0.12096
1635,0,0.69425
1636,0,0.55640
1637,0,0.02173
1638,0,0.03226
1639,0,0.49580
1640,0,0.01767
1641,0,0.52136
1642,0,0.03749
1643,0,0.07273
1644,0,0.50834
1645,0,0.22387
1646,0,0.52517
1647,0,0.05175
1648,0,0.37470
1649,0,0.25871
1650,0,0.07962
1651,0,0.06763
1652,0,0.07124
1653,0,0.01796
1654,0,0.14261
1655,0,0.18946
1656,0,0.15873
1657,0,0.02572
1658,0,0.08268
1659,0,0.13465
1660,0,0.01634
1661,0,0.13711
1662,0,0.59766
1663,0,0.61329
1664,0,0.03330
1665,0,0.18306
1666,0,0.03746
1667,0,0.03445
1668,0,0.63313
1669,0,0.03539
1670,0,0.20930
1671,0,0.09441
1672,0,0.18552
1673,0,0.72698
1674,0,0.45087
1675,0,0.08682
1676,0,0.06198
1677,0,0.44624
1678,0,0.15325
1679,0,0.04988
1680,0,0.38445
1681,0,0.10171
1682,0,0.02954
1683,0,0.03033
1684,0,0.25072
1685,0,0.69561
1686,0,0.02208
1687,0,0.02790
1688,0,0.05171
1689,0,0.03049
1690,0,0.50068
1691,0,0.72295
1692,0,0.04435
1693,0,0.04850
1694,0,0.54905
1695,0,0.03572
1696,0,0.07634
1697,0,0.12971
1698,0,0.06335
1699,0,0.09277
1700,0,0.44299
1701,0,0.06599
1702,0,0.08135
1703,0,0.57605
1704,0,0.07403
1705,0,0.01272
1706,0,0.59703
1707,0,0.02690
1708,0,0.07139
1709,0,0.49156
1710,0,0.04771
1711,0,0.48203
1712,0,0.51505
1713,0,0.50565
1714,0,0.04693
1715,0,0.41769
1716,0,0.02223
1717,0,0.15697
1718,0,0.37175
1719,0,0.36808
1720,0,0.43822
1721,0,0.06528
1722,0,0.01492
1723,0,0.13070
1724,0,0.13836
1725,0,0.08927
1726,0,0.05872
1727,0,0.03109
1728,0,0.05068
1729,0,0.03938
1730,0,0.52794
1731,0,0.11773
1732,0,0.06975
1733,0,0.05655
1734,0,0.39707
1735,0,0.11706
1736,0,0.02597
1737,0,0.05584
1738,0,0.63175
1739,0,0.61770
1740,0,0.04182
1741,0,0.20282
1742,0,0.06038
1743,0,0.10019
1744,0,0.54206
1745,0,0.12558
1746,0,0.53150
1747,0,0.08559
1748,0,0.05537
1749,0,0.04743
1750,0,0.00613
1751,0,0.08721
1752,0,0.04123
1753,0,0.06123
1754,0,0.00528
1755,0,0.03682
1756,0,0.06956
1757,0,0.06424
1758,0,0.00736
1759,0,0.07085
1760,0,0.11374
1761,0,0.10799
1762,0,0.08053
1763,0,0.02971
1764,0,0.05014
1765,0,0.11543
1766,0,0.16362
1767,0,0.08561
1768,0,0.52844
1769,0,0.04916
1770,0,0.02871
1771,0,0.06358
1772,0,0.02108
1773,0,0.35937
1774,0,0.21710
1775,0,0.06728
1776,0,0.08282
1777,0,0.05054
1778,0,0.07911
1779,0,0.09631
1780,0,0.53459
1781,0,0.05169
1782,0,0.08218
1783,0,0.49472
1784,0,0.55414
1785,0,0.61681
1786,0,0.05988
1787,0,0.06849
1788,0,0.05465
1789,0,0.24127
1790,0,0.25051
1791,0,0.04635
1792,0,0.44812
1793,0,0.06185
1794,0,0.54047
1795,0,0.06819
1796,0,0.06959
1797,0,0.05479
1798,0,0.56720
1799,0,0.01625
1800,0,0.08625
1801,0,0.08993
1802,0,0.38726
1803,0,0.03929
1804,0,0.04282
1805,0,0.65718
1806,0,0.05210
1807,0,0.06552
1808,0,0.53036
1809,0,0.41458
1810,0,0.09754
1811,0,0.21969
1812,0,0.41005
1813,0,0.05079
1814,0,0.13758
1815,0,0.06361
1816,0,0.48780
1817,0,0.04486
1818,0,0.04171
1819,0,0.04016
1820,0,0.12695
1821,0,0.07813
1822,0,0.03467
1823,0,0.07572
1824,0,0.27630
1825,0,0.05628
1826,0,0.30861
1827,0,0.16917
1828,0,0.47939
1829,0,0.28424
1830,0,0.06344
1831,0,0.20635
1832,0,0.54607
1833,0,0.42606
1834,0,0.12873
1835,0,0.22623
1836,0,0.51112
1837,0,0.02105
1838,0,0.03824
1839,0,0.39068
1840,0,0.33372
1841,0,0.69835
1842,0,0.65478
1843,0,0.08233
1844,0,0.20640
1845,0,0.04962
1846,0,0.58408
1847,0,0.03175
1848,0,0.16834
1849,0,0.04292
1850,0,0.13562
1851,0,0.39975
1852,0,0.46438
1853,0,0.57487
1854,0,0.11383
1855,0,0.69985
1856,0,0.51593
1857,0,0.71688
1858,0,0.57687
1859,0,0.76844
1860,0,0.73258
1861,0,0.60056
1862,0,0.36298
1863,0,0.64304
1864,0,0.02449
1865,0,0.46740
1866,0,0.08017
1867,0,0.05816
1868,0,0.05029
1869,0,0.08061
1870,0,0.07317
1871,0,0.04346
1872,0,0.50809
1873,0,0.45678
1874,0,0.63606
1875,0,0.52174
1876,0,0.21829
1877,0,0.56932
1878,0,0.49883
1879,0,0.37567
1880,0,0.35046
1881,0,0.38432
1882,0,0.37729
1883,0,0.49484
1884,0,0.36004
1885,0,0.26823
1886,0,0.37972
1887,0,0.43337
1888,0,0.11250
1889,0,0.47462
1890,0,0.43904
1891,0,0.32880
1892,0,0.14316
1893,0,0.34335
1894,0,0.12319
1895,0,0.04923
1896,0,0.39914
1897,0,0.15646
1898,0,0.11862
1899,0,0.56547
1900,0,0.17367
1901,0,0.19973
1902,0,0.10065
1903,0,0.10866
1904,0,0.19386
1905,0,0.27811
1906,0,0.18270
1907,0,0.26415
1908,0,0.21759
1909,0,0.53022
