# GeoID, y_pred, y_predprob
1,0,0.19322
2,0,0.38556
3,0,0.23887
4,0,0.17133
5,0,0.38537
6,0,0.19435
7,0,0.18280
8,0,0.17648
9,0,0.19614
10,0,0.23828
11,0,0.23860
12,0,0.17751
13,0,0.17641
14,0,0.19274
15,0,0.38528
16,0,0.17133
17,0,0.23853
18,0,0.17235
19,0,0.30844
20,0,0.17643
21,0,0.23776
22,0,0.18174
23,0,0.23823
24,0,0.18191
25,0,0.23756
26,0,0.23806
27,0,0.17697
28,0,0.23736
29,0,0.23792
30,0,0.17922
31,0,0.23738
32,0,0.18336
33,0,0.18186
34,0,0.23703
35,0,0.23701
36,0,0.30818
37,0,0.18128
38,0,0.17814
39,0,0.17973
40,0,0.17750
41,0,0.18019
42,0,0.38449
43,0,0.23677
44,0,0.19691
45,0,0.17917
46,0,0.17813
47,0,0.18369
48,0,0.18043
49,0,0.18825
50,0,0.23705
51,0,0.18310
52,0,0.19689
53,0,0.18044
54,0,0.18385
55,0,0.19034
56,0,0.18040
57,0,0.18374
58,0,0.17936
59,0,0.19715
60,0,0.17968
61,0,0.17925
62,0,0.18019
63,0,0.18828
64,0,0.18389
65,0,0.17886
66,0,0.17917
67,0,0.17540
68,0,0.17909
69,0,0.18374
70,0,0.17898
71,0,0.38369
72,0,0.17919
73,0,0.18202
74,0,0.19735
75,0,0.17397
76,0,0.18315
77,0,0.17886
78,0,0.17879
79,0,0.23727
80,0,0.17131
81,0,0.17946
82,0,0.17130
83,0,0.38375
84,0,0.17880
85,0,0.17170
86,0,0.18187
87,0,0.17129
88,0,0.17130
89,0,0.17156
90,0,0.17880
91,0,0.17131
92,0,0.17183
93,0,0.17877
94,0,0.19662
95,0,0.17880
96,0,0.17877
97,0,0.17877
98,0,0.18400
99,0,0.17757
100,0,0.17130
101,0,0.18378
102,0,0.17420
103,0,0.23768
104,0,0.17951
105,0,0.18210
106,0,0.17129
107,0,0.17878
108,0,0.18104
109,0,0.19132
110,0,0.18335
111,0,0.18211
112,0,0.18034
113,0,0.17877
114,0,0.18144
115,0,0.19644
116,0,0.19648
117,0,0.18326
118,0,0.18004
119,0,0.17848
120,0,0.19651
121,0,0.18192
122,0,0.19650
123,0,0.30923
124,0,0.18133
125,0,0.38381
126,0,0.17404
127,0,0.17879
128,0,0.17845
129,0,0.18520
130,0,0.17906
131,0,0.17855
132,0,0.18129
133,0,0.18126
134,0,0.23294
135,0,0.17410
136,0,0.17310
137,0,0.17159
138,0,0.17512
139,0,0.18030
140,0,0.19538
141,0,0.18012
142,0,0.18014
143,0,0.18023
144,0,0.18246
145,0,0.17883
146,0,0.18003
147,0,0.38510
148,0,0.17765
149,0,0.19253
150,0,0.18365
151,0,0.18483
152,0,0.17913
153,0,0.17387
154,0,0.17982
155,0,0.18003
156,0,0.19003
157,0,0.17739
158,0,0.38420
159,0,0.19792
160,0,0.17111
161,0,0.17106
162,0,0.17641
163,0,0.18175
164,0,0.18196
165,0,0.18178
166,0,0.38503
167,0,0.17585
168,0,0.16804
169,0,0.16939
170,0,0.18336
171,0,0.16738
172,0,0.17699
173,0,0.18197
174,0,0.16800
175,0,0.23916
176,0,0.18230
177,0,0.17567
178,0,0.19807
179,0,0.18317
180,0,0.38574
181,0,0.19544
182,0,0.18385
183,0,0.17157
184,0,0.17882
185,0,0.17325
186,0,0.16801
187,0,0.18147
188,0,0.38630
189,0,0.17831
190,0,0.17830
191,0,0.17171
192,0,0.19480
193,0,0.19417
194,0,0.18214
195,0,0.16928
196,0,0.38630
197,0,0.17316
198,0,0.17562
199,0,0.17332
200,0,0.17063
201,0,0.17312
202,0,0.17311
203,0,0.17088
204,0,0.17260
205,0,0.17202
206,0,0.17169
207,0,0.17084
208,0,0.17100
209,0,0.38654
210,0,0.17063
211,0,0.38659
212,0,0.17476
213,0,0.17437
214,0,0.38665
215,0,0.38643
216,0,0.17064
217,0,0.17416
218,0,0.17203
219,0,0.17564
220,0,0.17075
221,0,0.17221
222,0,0.17350
223,0,0.17431
224,0,0.17110
225,0,0.17063
226,0,0.17099
227,0,0.38708
228,0,0.17063
229,0,0.17547
230,0,0.17063
231,0,0.38708
232,0,0.17464
233,0,0.17391
234,0,0.17111
235,0,0.17449
236,0,0.17291
237,0,0.17351
238,0,0.17284
239,0,0.17203
240,0,0.17209
241,0,0.17063
242,0,0.17302
243,0,0.17200
244,0,0.23654
245,0,0.17228
246,0,0.17063
247,0,0.17129
248,0,0.17064
249,0,0.17063
250,0,0.17128
251,0,0.17425
252,0,0.17087
253,0,0.17265
254,0,0.17113
255,0,0.17196
256,0,0.18821
257,0,0.23295
258,0,0.38693
259,0,0.17122
260,0,0.18860
261,0,0.30758
262,0,0.30781
263,0,0.17179
264,0,0.17154
265,0,0.30782
266,0,0.23295
267,0,0.17063
268,0,0.23302
269,0,0.17404
270,0,0.17155
271,0,0.17497
272,0,0.23296
273,0,0.30758
274,0,0.17568
275,0,0.17063
276,0,0.30758
277,0,0.17183
278,0,0.17182
279,0,0.30758
280,0,0.30758
281,0,0.30758
282,0,0.30758
283,0,0.17063
284,0,0.17191
285,0,0.30758
286,0,0.17185
287,0,0.30758
288,0,0.17182
289,0,0.17063
290,0,0.17063
291,0,0.38708
292,0,0.17185
293,0,0.17427
294,0,0.17180
295,0,0.17185
296,0,0.17273
297,0,0.17063
298,0,0.23306
299,0,0.17338
300,0,0.38708
301,0,0.17185
302,0,0.17063
303,0,0.17063
304,0,0.17063
305,0,0.17152
306,0,0.17114
307,0,0.17413
308,0,0.17063
309,0,0.17416
310,0,0.17128
311,0,0.17345
312,0,0.17063
313,0,0.17185
314,0,0.17063
315,0,0.17063
316,0,0.17220
317,0,0.17237
318,0,0.17310
319,0,0.17185
320,0,0.17124
321,0,0.17185
322,0,0.23296
323,0,0.17185
324,0,0.17148
325,0,0.17223
326,0,0.17075
327,0,0.38701
328,0,0.17185
329,0,0.17063
330,0,0.17235
331,0,0.17063
332,0,0.17063
333,0,0.17063
334,0,0.17185
335,0,0.17185
336,0,0.17113
337,0,0.17185
338,0,0.17103
339,0,0.17120
340,0,0.17063
341,0,0.23416
342,0,0.17185
343,0,0.17063
344,0,0.17129
345,0,0.17254
346,0,0.17063
347,0,0.17344
348,0,0.17185
349,0,0.23670
350,0,0.23322
351,0,0.23830
352,0,0.17114
353,0,0.17367
354,0,0.17185
355,0,0.17185
356,0,0.38687
357,0,0.17217
358,0,0.17234
359,0,0.17236
360,0,0.17063
361,0,0.17073
362,0,0.17072
363,0,0.17264
364,0,0.17063
365,0,0.17549
366,0,0.17194
367,0,0.17253
368,0,0.17107
369,0,0.17256
370,0,0.17063
371,0,0.17118
372,0,0.18173
373,0,0.17063
374,0,0.17111
375,0,0.18374
376,0,0.17303
377,0,0.17312
378,0,0.17274
379,0,0.17328
380,0,0.17063
381,0,0.17561
382,0,0.17874
383,0,0.17350
384,0,0.18043
385,0,0.17389
386,0,0.17063
387,0,0.17122
388,0,0.17542
389,0,0.17255
390,0,0.18112
391,0,0.17063
392,0,0.17623
393,0,0.17117
394,0,0.17063
395,0,0.17063
396,0,0.17310
397,0,0.18340
398,0,0.17354
399,0,0.17285
400,0,0.17296
401,0,0.17129
402,0,0.17369
403,0,0.17269
404,0,0.23961
405,0,0.17369
406,0,0.18369
407,0,0.18328
408,0,0.17369
409,0,0.18236
410,0,0.19707
411,0,0.17728
412,0,0.17957
413,0,0.17959
414,0,0.17369
415,0,0.17369
416,0,0.17597
417,0,0.38621
418,0,0.23902
419,0,0.17568
420,0,0.18398
421,0,0.17925
422,0,0.38652
423,0,0.17282
424,0,0.17523
425,0,0.38652
426,0,0.17369
427,0,0.17846
428,0,0.17369
429,0,0.23883
430,0,0.17886
431,0,0.18288
432,0,0.18034
433,0,0.17858
434,0,0.18050
435,0,0.17970
436,0,0.18409
437,0,0.18295
438,0,0.18289
439,0,0.18474
440,0,0.18488
441,0,0.17491
442,0,0.17386
443,0,0.23944
444,0,0.17882
445,0,0.18253
446,0,0.17291
447,0,0.17694
448,0,0.18392
449,0,0.17515
450,0,0.17883
451,0,0.18554
452,0,0.18445
453,0,0.17365
454,0,0.17954
455,0,0.17976
456,0,0.17277
457,0,0.18387
458,0,0.17967
459,0,0.18314
460,0,0.17727
461,0,0.17967
462,0,0.17517
463,0,0.38616
464,0,0.17473
465,0,0.17930
466,0,0.17917
467,0,0.38536
468,0,0.17489
469,0,0.18708
470,0,0.17877
471,0,0.17916
472,0,0.17369
473,0,0.17586
474,0,0.17518
475,0,0.17664
476,0,0.18044
477,0,0.18187
478,0,0.17648
479,0,0.24133
480,0,0.18447
481,0,0.18698
482,0,0.18496
483,0,0.19448
484,0,0.17785
485,0,0.17903
486,0,0.18702
487,0,0.18899
488,0,0.18752
489,0,0.24101
490,0,0.19507
491,0,0.17865
492,0,0.24239
493,0,0.24289
494,0,0.17865
495,0,0.17864
496,0,0.17864
497,0,0.17864
498,0,0.38459
499,0,0.18060
500,0,0.18159
501,0,0.17802
502,0,0.17972
503,0,0.18452
504,0,0.17987
505,0,0.18400
506,0,0.17998
507,0,0.18117
508,0,0.18050
509,0,0.17863
510,0,0.19624
511,0,0.18815
512,0,0.18639
513,0,0.18339
514,0,0.18517
515,0,0.18262
516,0,0.18640
517,0,0.19884
518,0,0.19221
519,0,0.19486
520,0,0.18641
521,0,0.18581
522,0,0.17886
523,0,0.18317
524,0,0.19246
525,0,0.19656
526,0,0.18667
527,0,0.24312
528,0,0.18791
529,0,0.18434
530,0,0.24426
531,0,0.19617
532,0,0.18624
533,0,0.19138
534,0,0.19053
535,0,0.18737
536,0,0.18580
537,0,0.19241
538,0,0.18469
539,0,0.19347
540,0,0.18323
541,0,0.18643
542,0,0.18641
543,0,0.18732
544,0,0.18848
545,0,0.18635
546,0,0.18638
547,0,0.19502
548,0,0.18669
549,0,0.18727
550,0,0.18628
551,0,0.24824
552,0,0.18688
553,0,0.25193
554,0,0.24667
555,0,0.19511
556,0,0.19404
557,0,0.19568
558,0,0.19275
559,0,0.18775
560,0,0.19265
561,0,0.19579
562,0,0.25223
563,0,0.24442
564,0,0.24116
565,0,0.19368
566,0,0.18905
567,0,0.38095
568,0,0.19617
569,0,0.19785
570,0,0.21258
571,0,0.19277
572,0,0.19225
573,0,0.25025
574,0,0.19790
575,0,0.18566
576,0,0.18682
577,0,0.19228
578,0,0.19610
579,0,0.38115
580,0,0.19323
581,0,0.19302
582,0,0.19736
583,0,0.25200
584,0,0.19954
585,0,0.19316
586,0,0.18675
587,0,0.19544
588,0,0.18551
589,0,0.20016
590,0,0.21260
591,0,0.18894
592,0,0.19284
593,0,0.19294
594,0,0.19324
595,0,0.19230
596,0,0.18529
597,0,0.20890
598,0,0.20864
599,0,0.20270
600,0,0.19333
601,0,0.25166
602,0,0.19299
603,0,0.18852
604,0,0.21220
605,0,0.19092
606,0,0.21966
607,0,0.18579
608,0,0.25193
609,0,0.21281
610,0,0.21145
611,0,0.21113
612,0,0.20901
613,0,0.18953
614,0,0.20313
615,0,0.21120
616,0,0.21251
617,0,0.18607
618,0,0.38121
619,0,0.18877
620,0,0.18635
621,0,0.18700
622,0,0.19320
623,0,0.18661
624,0,0.20056
625,0,0.18740
626,0,0.20673
627,0,0.19274
628,0,0.18639
629,0,0.18638
630,0,0.18655
631,0,0.20685
632,0,0.25171
633,0,0.19337
634,0,0.19687
635,0,0.18688
636,0,0.19648
637,0,0.18638
638,0,0.38341
639,0,0.19141
640,0,0.19200
641,0,0.20796
642,0,0.20795
643,0,0.19956
644,0,0.21126
645,0,0.21272
646,0,0.21243
647,0,0.21209
648,0,0.21063
649,0,0.25103
650,0,0.19803
651,0,0.19198
652,0,0.20173
653,0,0.20734
654,0,0.18650
655,0,0.18644
656,0,0.18639
657,0,0.18627
658,0,0.25131
659,0,0.19767
660,0,0.38340
661,0,0.25082
662,0,0.25122
663,0,0.21320
664,0,0.18657
665,0,0.20872
666,0,0.20886
667,0,0.18645
668,0,0.37926
669,0,0.18630
670,0,0.25061
671,0,0.25087
672,0,0.18644
673,0,0.25070
674,0,0.20990
675,0,0.18626
676,0,0.20719
677,0,0.20959
678,0,0.37903
679,0,0.25266
680,0,0.20910
681,0,0.18626
682,0,0.19227
683,0,0.37856
684,0,0.19306
685,0,0.18626
686,0,0.20778
687,0,0.20773
688,0,0.20234
689,0,0.37807
690,0,0.20360
691,0,0.19287
692,0,0.19348
693,0,0.18625
694,0,0.18980
695,0,0.20772
696,0,0.19140
697,0,0.20624
698,0,0.18627
699,0,0.19224
700,0,0.19330
701,0,0.18626
702,0,0.20757
703,0,0.37730
704,0,0.20502
705,0,0.18626
706,0,0.21006
707,0,0.19268
708,0,0.19407
709,0,0.21410
710,0,0.20393
711,0,0.20830
712,0,0.19074
713,0,0.19044
714,0,0.18554
715,0,0.21024
716,0,0.19360
717,0,0.19220
718,0,0.21549
719,0,0.21023
720,0,0.37696
721,0,0.19432
722,0,0.20496
723,0,0.18437
724,0,0.19039
725,0,0.18520
726,0,0.18616
727,0,0.18367
728,0,0.18821
729,0,0.37670
730,0,0.19092
731,0,0.19064
732,0,0.21037
733,0,0.21341
734,0,0.19178
735,0,0.20935
736,0,0.19172
737,0,0.19004
738,0,0.19147
739,0,0.20883
740,0,0.20878
741,0,0.19126
742,0,0.20666
743,0,0.21034
744,0,0.20505
745,0,0.20183
746,0,0.19073
747,0,0.18908
748,0,0.20707
749,0,0.19083
750,0,0.24146
751,0,0.20773
752,0,0.37526
753,0,0.20990
754,0,0.20226
755,0,0.21066
756,0,0.21153
757,0,0.20255
758,0,0.19160
759,0,0.37470
760,0,0.19398
761,0,0.20211
762,0,0.21127
763,0,0.19824
764,0,0.20984
765,0,0.21065
766,0,0.19839
767,0,0.20985
768,0,0.20986
769,0,0.20287
770,0,0.20988
771,0,0.20270
772,0,0.20359
773,0,0.20273
774,0,0.21030
775,0,0.20999
776,0,0.20985
777,0,0.20417
778,0,0.20407
779,0,0.21038
780,0,0.21090
781,0,0.20625
782,0,0.21100
783,0,0.20990
784,0,0.19830
785,0,0.19452
786,0,0.25133
787,0,0.21128
788,0,0.20188
789,0,0.25689
790,0,0.20978
791,0,0.22070
792,0,0.21038
793,0,0.21260
794,0,0.21053
795,0,0.25080
796,0,0.21330
797,0,0.21414
798,0,0.25696
799,0,0.20991
800,0,0.20978
801,0,0.25376
802,0,0.20324
803,0,0.25636
804,0,0.20482
805,0,0.20392
806,0,0.25373
807,0,0.21054
808,0,0.19895
809,0,0.20740
810,0,0.20700
811,0,0.20988
812,0,0.20937
813,0,0.21044
814,0,0.25060
815,0,0.20999
816,0,0.20976
817,0,0.22575
818,0,0.20380
819,0,0.21061
820,0,0.20817
821,0,0.21051
822,0,0.20842
823,0,0.21051
824,0,0.25694
825,0,0.20853
826,0,0.25093
827,0,0.21114
828,0,0.20469
829,0,0.20511
830,0,0.20897
831,0,0.25361
832,0,0.20772
833,0,0.20715
834,0,0.21059
835,0,0.21584
836,0,0.21570
837,0,0.21103
838,0,0.25316
839,0,0.21064
840,0,0.20190
841,0,0.20892
842,0,0.21251
843,0,0.20381
844,0,0.37422
845,0,0.21116
846,0,0.20887
847,0,0.21111
848,0,0.21111
849,0,0.20503
850,0,0.21107
851,0,0.25635
852,0,0.25720
853,0,0.25112
854,0,0.21111
855,0,0.21150
856,0,0.20814
857,0,0.20931
858,0,0.20906
859,0,0.20752
860,0,0.20859
861,0,0.25626
862,0,0.21180
863,0,0.21117
864,0,0.21220
865,0,0.20913
866,0,0.20849
867,0,0.20671
868,0,0.21088
869,0,0.25722
870,0,0.20674
871,0,0.20839
872,0,0.24892
873,0,0.25593
874,0,0.25056
875,0,0.22316
876,0,0.25499
877,0,0.21180
878,0,0.20710
879,0,0.22200
880,0,0.21122
881,0,0.20925
882,0,0.20533
883,0,0.20823
884,0,0.20974
885,0,0.25600
886,0,0.37382
887,0,0.21105
888,0,0.21072
889,0,0.22211
890,0,0.21047
891,0,0.25663
892,0,0.37392
893,0,0.21110
894,0,0.21147
895,0,0.21183
896,0,0.25117
897,0,0.21119
898,0,0.37397
899,0,0.22308
900,0,0.21142
901,0,0.21959
902,0,0.22142
903,0,0.22602
904,0,0.21170
905,0,0.21180
906,0,0.21172
907,0,0.21258
908,0,0.21160
909,0,0.20997
910,0,0.21172
911,0,0.22246
912,0,0.21146
913,0,0.21113
914,0,0.30994
915,0,0.30994
916,0,0.21110
917,0,0.21000
918,0,0.21110
919,0,0.20992
920,0,0.22478
921,0,0.21106
922,0,0.21265
923,0,0.30995
924,0,0.21095
925,0,0.21280
926,0,0.21153
927,0,0.21171
928,0,0.21099
929,0,0.21086
930,0,0.22552
931,0,0.21826
932,0,0.21099
933,0,0.22153
934,0,0.25032
935,0,0.22194
936,0,0.21092
937,0,0.21110
938,0,0.30997
939,0,0.21110
940,0,0.21011
941,0,0.30997
942,0,0.21110
943,0,0.30999
944,0,0.21896
945,0,0.30998
946,0,0.21269
947,0,0.21147
948,0,0.21166
949,0,0.21094
950,0,0.25112
951,0,0.22133
952,0,0.21110
953,0,0.21243
954,0,0.20962
955,0,0.21894
956,0,0.25010
957,0,0.21696
958,0,0.37445
959,0,0.21110
960,0,0.20963
961,0,0.24991
962,0,0.30997
963,0,0.21056
964,0,0.21696
965,0,0.21692
966,0,0.21378
967,0,0.21664
968,0,0.25053
969,0,0.21022
970,0,0.21038
971,0,0.30999
972,0,0.25101
973,0,0.20802
974,0,0.21103
975,0,0.20910
976,0,0.21109
977,0,0.20948
978,0,0.21676
979,0,0.21050
980,0,0.30998
981,0,0.25088
982,0,0.21074
983,0,0.21230
984,0,0.21046
985,0,0.24972
986,0,0.37500
987,0,0.21155
988,0,0.21045
989,0,0.21072
990,0,0.21290
991,0,0.21310
992,0,0.25004
993,0,0.21028
994,0,0.24971
995,0,0.21160
996,0,0.21049
997,0,0.21366
998,0,0.21622
999,0,0.21018
1000,0,0.25052
1001,0,0.20921
1002,0,0.20760
1003,0,0.20868
1004,0,0.20814
1005,0,0.20910
1006,0,0.20765
1007,0,0.21015
1008,0,0.25036
1009,0,0.20818
1010,0,0.20908
1011,0,0.37540
1012,0,0.21613
1013,0,0.20790
1014,0,0.20999
1015,0,0.20791
1016,0,0.20898
1017,0,0.20779
1018,0,0.37556
1019,0,0.21011
1020,0,0.21032
1021,0,0.20774
1022,0,0.20889
1023,0,0.31003
1024,0,0.20836
1025,0,0.20803
1026,0,0.21041
1027,0,0.21495
1028,0,0.20847
1029,0,0.24960
1030,0,0.20853
1031,0,0.24961
1032,0,0.21560
1033,0,0.21050
1034,0,0.25001
1035,0,0.21132
1036,0,0.21460
1037,0,0.25075
1038,0,0.25000
1039,0,0.20777
1040,0,0.20991
1041,0,0.20845
1042,0,0.31003
1043,0,0.21556
1044,0,0.20811
1045,0,0.24957
1046,0,0.25027
1047,0,0.21574
1048,0,0.24954
1049,0,0.21281
1050,0,0.37482
1051,0,0.21029
1052,0,0.20730
1053,0,0.25057
1054,0,0.25059
1055,0,0.25078
1056,0,0.20791
1057,0,0.31000
1058,0,0.24982
1059,0,0.20918
1060,0,0.20718
1061,0,0.25031
1062,0,0.20759
1063,0,0.24992
1064,0,0.24999
1065,0,0.25026
1066,0,0.31001
1067,0,0.20881
1068,0,0.20874
1069,0,0.20923
1070,0,0.20858
1071,0,0.20962
1072,0,0.21000
1073,0,0.25041
1074,0,0.21020
1075,0,0.25022
1076,0,0.25035
1077,0,0.24975
1078,0,0.21052
1079,0,0.25048
1080,0,0.30992
1081,0,0.21240
1082,0,0.24942
1083,0,0.21288
1084,0,0.25060
1085,0,0.21319
1086,0,0.21332
1087,0,0.21292
1088,0,0.24962
1089,0,0.20626
1090,0,0.24950
1091,0,0.20683
1092,0,0.24920
1093,0,0.21241
1094,0,0.24973
1095,0,0.24893
1096,0,0.20459
1097,0,0.25142
1098,0,0.25116
1099,0,0.21174
1100,0,0.24831
1101,0,0.24906
1102,0,0.24973
1103,0,0.25138
1104,0,0.25001
1105,0,0.20595
1106,0,0.21010
1107,0,0.20868
1108,0,0.24985
1109,0,0.20985
1110,0,0.24890
1111,0,0.20566
1112,0,0.24867
1113,0,0.20810
1114,0,0.20787
1115,0,0.20595
1116,0,0.20640
1117,0,0.20554
1118,0,0.24838
1119,0,0.20524
1120,0,0.20595
1121,0,0.20429
1122,0,0.20429
1123,0,0.20373
1124,0,0.20374
1125,0,0.20240
1126,0,0.20148
1127,0,0.24695
1128,0,0.20154
1129,0,0.20000
1130,0,0.24634
1131,0,0.19921
1132,0,0.20265
1133,0,0.19925
1134,0,0.20026
1135,0,0.19893
1136,0,0.19950
1137,0,0.31004
1138,0,0.20616
1139,0,0.19823
1140,0,0.31003
1141,0,0.20291
1142,0,0.20299
1143,0,0.24729
1144,0,0.20293
1145,0,0.24714
1146,0,0.31004
1147,0,0.20216
1148,0,0.20168
1149,0,0.31003
1150,0,0.20348
1151,0,0.20287
1152,0,0.20392
1153,0,0.31007
1154,0,0.20155
1155,0,0.20330
1156,0,0.31003
1157,0,0.31003
1158,0,0.31004
1159,0,0.31004
1160,0,0.20107
1161,0,0.24626
1162,0,0.31002
1163,0,0.20155
1164,0,0.31003
1165,0,0.20061
1166,0,0.31007
1167,0,0.31007
1168,0,0.20266
1169,0,0.31003
1170,0,0.31003
1171,0,0.31003
1172,0,0.37946
1173,0,0.31007
1174,0,0.31003
1175,0,0.31007
1176,0,0.31003
1177,0,0.31003
1178,0,0.20176
1179,0,0.31007
1180,0,0.31007
1181,0,0.31003
1182,0,0.19794
1183,0,0.31002
1184,0,0.31006
1185,0,0.37908
1186,0,0.19771
1187,0,0.31002
1188,0,0.31002
1189,0,0.19770
1190,0,0.31003
1191,0,0.31002
1192,0,0.31004
1193,0,0.31003
1194,0,0.31002
1195,0,0.31002
1196,0,0.31003
1197,0,0.31002
1198,0,0.31004
1199,0,0.20342
1200,0,0.31002
1201,0,0.31002
1202,0,0.31004
1203,0,0.31002
1204,0,0.31002
1205,0,0.31007
1206,0,0.31004
1207,0,0.31002
1208,0,0.37922
1209,0,0.20050
1210,0,0.31002
1211,0,0.31007
1212,0,0.31004
1213,0,0.24729
1214,0,0.31002
1215,0,0.19926
1216,0,0.31002
1217,0,0.31004
1218,0,0.20066
1219,0,0.19975
1220,0,0.31002
1221,0,0.19970
1222,0,0.20360
1223,0,0.31002
1224,0,0.31003
1225,0,0.31002
1226,0,0.31002
1227,0,0.20429
1228,0,0.31007
1229,0,0.31007
1230,0,0.31002
1231,0,0.20429
1232,0,0.20429
1233,0,0.31007
1234,0,0.20429
1235,0,0.20429
1236,0,0.20225
1237,0,0.31002
1238,0,0.20121
1239,0,0.31004
1240,0,0.31002
1241,0,0.19807
1242,0,0.31002
1243,0,0.20429
1244,0,0.19500
1245,0,0.31007
1246,0,0.31007
1247,0,0.20429
1248,0,0.20018
1249,0,0.31002
1250,0,0.20280
1251,0,0.20422
1252,0,0.31002
1253,0,0.20429
1254,0,0.20130
1255,0,0.31007
1256,0,0.31002
1257,0,0.31006
1258,0,0.20104
1259,0,0.20429
1260,0,0.20429
1261,0,0.20176
1262,0,0.20429
1263,0,0.31006
1264,0,0.20382
1265,0,0.31002
1266,0,0.31002
1267,0,0.20061
1268,0,0.24542
1269,0,0.20251
1270,0,0.19856
1271,0,0.20429
1272,0,0.31007
1273,0,0.19757
1274,0,0.19757
1275,0,0.31002
1276,0,0.24542
1277,0,0.20156
1278,0,0.31002
1279,0,0.20429
1280,0,0.20049
1281,0,0.31002
1282,0,0.31002
1283,0,0.31002
1284,0,0.20223
1285,0,0.20429
1286,0,0.20429
1287,0,0.31002
1288,0,0.31005
1289,0,0.31002
1290,0,0.19757
1291,0,0.20429
1292,0,0.24548
1293,0,0.19328
1294,0,0.24228
1295,0,0.24564
1296,0,0.20429
1297,0,0.20429
1298,0,0.20429
1299,0,0.31006
1300,0,0.20356
1301,0,0.31002
1302,0,0.19901
1303,0,0.19767
1304,0,0.19269
1305,0,0.20131
1306,0,0.31002
1307,0,0.19815
1308,0,0.24596
1309,0,0.19763
1310,0,0.19869
1311,0,0.20395
1312,0,0.20412
1313,0,0.31002
1314,0,0.31002
1315,0,0.20351
1316,0,0.20351
1317,0,0.19757
1318,0,0.19763
1319,0,0.24544
1320,0,0.31002
1321,0,0.19757
1322,0,0.19764
1323,0,0.37953
1324,0,0.31003
1325,0,0.20075
1326,0,0.20081
1327,0,0.31002
1328,0,0.31001
1329,0,0.31000
1330,0,0.31002
1331,0,0.19872
1332,0,0.19958
1333,0,0.31001
1334,0,0.20002
1335,0,0.19843
1336,0,0.31002
1337,0,0.31000
1338,0,0.19670
1339,0,0.19948
1340,0,0.24744
1341,0,0.30998
1342,0,0.19422
1343,0,0.20128
1344,0,0.20021
1345,0,0.19711
1346,0,0.30999
1347,0,0.24542
1348,0,0.24548
1349,0,0.24599
1350,0,0.30997
1351,0,0.20225
1352,0,0.18874
1353,0,0.31006
1354,0,0.19578
1355,0,0.21002
1356,0,0.30994
1357,0,0.21097
1358,0,0.30995
1359,0,0.30993
1360,0,0.19185
1361,0,0.30995
1362,0,0.19771
1363,0,0.19727
1364,0,0.21202
1365,0,0.31002
1366,0,0.31004
1367,0,0.18830
1368,0,0.19422
1369,0,0.19422
1370,0,0.18830
1371,0,0.19422
1372,0,0.19758
1373,0,0.30992
1374,0,0.20596
1375,0,0.20865
1376,0,0.30992
1377,0,0.31007
1378,0,0.19757
1379,0,0.31002
1380,0,0.30991
1381,0,0.20135
1382,0,0.31003
1383,0,0.31004
1384,0,0.19422
1385,0,0.18830
1386,0,0.31002
1387,0,0.19416
1388,0,0.20137
1389,0,0.20225
1390,0,0.20176
1391,0,0.18830
1392,0,0.19757
1393,0,0.31002
1394,0,0.19422
1395,0,0.19603
1396,0,0.31002
1397,0,0.19418
1398,0,0.19422
1399,0,0.31002
1400,0,0.31002
1401,0,0.37958
1402,0,0.19422
1403,0,0.19407
1404,0,0.30991
1405,0,0.30990
1406,0,0.19758
1407,0,0.31002
1408,0,0.20160
1409,0,0.19758
1410,0,0.19007
1411,0,0.19477
1412,0,0.19503
1413,0,0.20253
1414,0,0.20247
1415,0,0.19792
1416,0,0.24577
1417,0,0.30990
1418,0,0.30989
1419,0,0.19499
1420,0,0.20596
1421,0,0.30991
1422,0,0.19479
1423,0,0.30990
1424,0,0.31002
1425,0,0.37962
1426,0,0.19424
1427,0,0.31002
1428,0,0.18913
1429,0,0.18830
1430,0,0.19757
1431,0,0.24126
1432,0,0.31002
1433,0,0.24542
1434,0,0.20747
1435,0,0.20750
1436,0,0.20874
1437,0,0.19419
1438,0,0.19419
1439,0,0.30989
1440,0,0.19860
1441,0,0.31001
1442,0,0.19417
1443,0,0.18830
1444,0,0.19888
1445,0,0.20011
1446,0,0.31001
1447,0,0.19417
1448,0,0.20136
1449,0,0.30991
1450,0,0.18830
1451,0,0.19422
1452,0,0.30989
1453,0,0.19907
1454,0,0.18830
1455,0,0.20296
1456,0,0.30990
1457,0,0.30991
1458,0,0.38117
1459,0,0.19845
1460,0,0.24850
1461,0,0.30991
1462,0,0.20970
1463,0,0.21061
1464,0,0.30989
1465,0,0.18895
1466,0,0.30991
1467,0,0.30991
1468,0,0.24996
1469,0,0.30969
1470,0,0.19422
1471,0,0.30966
1472,0,0.30992
1473,0,0.24752
1474,0,0.24624
1475,0,0.19143
1476,0,0.30991
1477,0,0.18830
1478,0,0.30992
1479,0,0.20233
1480,0,0.30992
1481,0,0.20210
1482,0,0.30991
1483,0,0.30990
1484,0,0.25027
1485,0,0.30988
1486,0,0.19908
1487,0,0.24571
1488,0,0.30989
1489,0,0.18830
1490,0,0.19534
1491,0,0.24488
1492,0,0.24497
1493,0,0.20419
1494,0,0.20357
1495,0,0.31002
1496,0,0.30990
1497,0,0.19757
1498,0,0.30991
1499,0,0.20862
1500,0,0.30988
1501,0,0.20902
1502,0,0.24492
1503,0,0.24740
1504,0,0.30991
1505,0,0.30992
1506,0,0.37921
1507,0,0.37502
1508,0,0.30988
1509,0,0.20903
1510,0,0.20985
1511,0,0.25031
1512,0,0.18830
1513,0,0.30989
1514,0,0.30989
1515,0,0.25039
1516,0,0.20903
1517,0,0.20903
1518,0,0.30989
1519,0,0.30991
1520,0,0.24637
1521,0,0.19997
1522,0,0.30987
1523,0,0.37756
1524,0,0.20974
1525,0,0.30991
1526,0,0.30989
1527,0,0.30987
1528,0,0.18830
1529,0,0.20616
1530,0,0.30991
1531,0,0.24840
1532,0,0.24319
1533,0,0.20305
1534,0,0.37502
1535,0,0.30989
1536,0,0.20864
1537,0,0.37571
1538,0,0.24752
1539,0,0.30992
1540,0,0.18830
1541,0,0.37733
1542,0,0.19422
1543,0,0.20583
1544,0,0.21401
1545,0,0.30991
1546,0,0.30988
1547,0,0.30991
1548,0,0.24405
1549,0,0.19416
1550,0,0.30993
1551,0,0.30991
1552,0,0.30988
1553,0,0.24306
1554,0,0.19217
1555,0,0.18830
1556,0,0.24331
1557,0,0.19422
1558,0,0.30989
1559,0,0.24688
1560,0,0.31000
1561,0,0.19845
1562,0,0.19260
1563,0,0.18830
1564,0,0.24760
1565,0,0.20903
1566,0,0.18830
1567,0,0.24752
1568,0,0.24322
1569,0,0.19020
1570,0,0.19333
1571,0,0.18830
1572,0,0.18830
1573,0,0.24603
1574,0,0.24426
1575,0,0.20358
1576,0,0.24823
1577,0,0.20312
1578,0,0.24802
1579,0,0.18830
1580,0,0.20276
1581,0,0.38033
1582,0,0.20527
1583,0,0.31005
1584,0,0.19388
1585,0,0.19410
1586,0,0.19433
1587,0,0.37987
1588,0,0.24561
1589,0,0.19358
1590,0,0.18808
1591,0,0.30989
1592,0,0.24616
1593,0,0.19358
1594,0,0.20885
1595,0,0.24935
1596,0,0.18830
1597,0,0.19047
1598,0,0.18736
1599,0,0.20084
1600,0,0.20797
1601,0,0.19358
1602,0,0.20692
1603,0,0.37918
1604,0,0.30988
1605,0,0.20547
1606,0,0.18777
1607,0,0.20869
1608,0,0.20140
1609,0,0.19354
1610,0,0.18642
1611,0,0.20729
1612,0,0.24629
1613,0,0.20731
1614,0,0.24979
1615,0,0.24878
1616,0,0.20218
1617,0,0.20241
1618,0,0.18939
1619,0,0.20212
1620,0,0.19471
1621,0,0.20844
1622,0,0.20798
1623,0,0.24634
1624,0,0.20749
1625,0,0.20788
1626,0,0.19676
1627,0,0.20175
1628,0,0.18684
1629,0,0.30989
1630,0,0.18480
1631,0,0.20817
1632,0,0.19420
1633,0,0.18938
1634,0,0.24980
1635,0,0.24640
1636,0,0.20589
1637,0,0.24985
1638,0,0.24990
1639,0,0.20791
1640,0,0.24981
1641,0,0.20166
1642,0,0.24959
1643,0,0.24923
1644,0,0.20353
1645,0,0.19305
1646,0,0.20170
1647,0,0.30948
1648,0,0.24682
1649,0,0.20645
1650,0,0.30925
1651,0,0.18297
1652,0,0.19358
1653,0,0.18222
1654,0,0.20638
1655,0,0.30916
1656,0,0.30989
1657,0,0.30955
1658,0,0.30989
1659,0,0.19328
1660,0,0.19358
1661,0,0.24342
1662,0,0.19894
1663,0,0.19705
1664,0,0.24871
1665,0,0.30989
1666,0,0.24896
1667,0,0.24879
1668,0,0.20159
1669,0,0.19358
1670,0,0.19940
1671,0,0.19680
1672,0,0.19936
1673,0,0.24697
1674,0,0.20089
1675,0,0.20092
1676,0,0.19358
1677,0,0.24705
1678,0,0.20618
1679,0,0.20651
1680,0,0.24905
1681,0,0.20547
1682,0,0.20645
1683,0,0.20746
1684,0,0.20183
1685,0,0.24752
1686,0,0.20918
1687,0,0.24943
1688,0,0.19889
1689,0,0.20677
1690,0,0.24807
1691,0,0.24713
1692,0,0.20699
1693,0,0.19889
1694,0,0.20624
1695,0,0.20699
1696,0,0.20441
1697,0,0.20452
1698,0,0.20706
1699,0,0.24989
1700,0,0.19891
1701,0,0.20710
1702,0,0.24948
1703,0,0.37649
1704,0,0.20801
1705,0,0.19842
1706,0,0.20328
1707,0,0.19620
1708,0,0.19579
1709,0,0.24914
1710,0,0.24985
1711,0,0.25036
1712,0,0.20744
1713,0,0.24945
1714,0,0.19357
1715,0,0.37398
1716,0,0.19357
1717,0,0.20741
1718,0,0.21129
1719,0,0.20419
1720,0,0.25199
1721,0,0.21258
1722,0,0.19357
1723,0,0.20029
1724,0,0.19983
1725,0,0.20460
1726,0,0.19978
1727,0,0.19989
1728,0,0.20411
1729,0,0.24366
1730,0,0.25239
1731,0,0.24366
1732,0,0.24683
1733,0,0.19357
1734,0,0.21892
1735,0,0.21245
1736,0,0.19356
1737,0,0.19989
1738,0,0.20952
1739,0,0.21433
1740,0,0.25177
1741,0,0.24953
1742,0,0.19356
1743,0,0.20227
1744,0,0.21533
1745,0,0.20328
1746,0,0.25336
1747,0,0.19356
1748,0,0.20713
1749,0,0.24804
1750,0,0.19356
1751,0,0.24369
1752,0,0.19356
1753,0,0.21911
1754,0,0.19430
1755,0,0.20218
1756,0,0.19814
1757,0,0.21874
1758,0,0.20136
1759,0,0.19426
1760,0,0.19488
1761,0,0.19494
1762,0,0.19505
1763,0,0.19735
1764,0,0.20095
1765,0,0.20271
1766,0,0.22141
1767,0,0.20464
1768,0,0.25543
1769,0,0.20441
1770,0,0.20594
1771,0,0.24927
1772,0,0.20507
1773,0,0.21840
1774,0,0.24965
1775,0,0.24971
1776,0,0.23043
1777,0,0.25839
1778,0,0.21776
1779,0,0.22004
1780,0,0.25604
1781,0,0.25241
1782,0,0.21750
1783,0,0.25618
1784,0,0.21779
1785,0,0.21906
1786,0,0.25595
1787,0,0.23131
1788,0,0.25537
1789,0,0.21528
1790,0,0.25611
1791,0,0.25620
1792,0,0.25622
1793,0,0.25631
1794,0,0.22068
1795,0,0.22230
1796,0,0.22556
1797,0,0.25388
1798,0,0.25626
1799,0,0.23272
1800,0,0.22313
1801,0,0.21782
1802,0,0.21996
1803,0,0.22379
1804,0,0.22247
1805,0,0.22144
1806,0,0.24971
1807,0,0.22425
1808,0,0.25626
1809,0,0.21875
1810,0,0.20767
1811,0,0.21656
1812,0,0.22824
1813,0,0.22860
1814,0,0.22329
1815,0,0.22858
1816,0,0.25621
1817,0,0.25934
1818,0,0.25764
1819,0,0.25779
1820,0,0.25683
1821,0,0.23411
1822,0,0.23461
1823,0,0.23377
1824,0,0.22448
1825,0,0.25771
1826,0,0.22231
1827,0,0.21892
1828,0,0.25630
1829,0,0.25677
1830,0,0.25595
1831,0,0.22254
1832,0,0.22451
1833,0,0.22518
1834,0,0.23508
1835,0,0.25687
1836,0,0.21889
1837,0,0.23395
1838,0,0.26069
1839,0,0.23504
1840,0,0.25605
1841,0,0.25550
1842,0,0.25530
1843,0,0.21915
1844,0,0.22012
1845,0,0.22226
1846,0,0.25608
1847,0,0.20974
1848,0,0.22524
1849,0,0.25152
1850,0,0.22436
1851,0,0.22166
1852,0,0.22157
1853,0,0.25710
1854,0,0.22218
1855,0,0.25892
1856,0,0.25896
1857,0,0.25743
1858,0,0.25934
1859,0,0.26047
1860,0,0.26005
1861,0,0.25967
1862,0,0.22229
1863,0,0.22227
1864,0,0.22257
1865,0,0.22144
1866,0,0.21540
1867,0,0.25568
1868,0,0.25344
1869,0,0.22034
1870,0,0.25555
1871,0,0.25331
1872,0,0.22144
1873,0,0.22144
1874,0,0.22189
1875,0,0.22144
1876,0,0.36893
1877,0,0.36874
1878,0,0.22144
1879,0,0.25522
1880,0,0.25522
1881,0,0.22144
1882,0,0.22406
1883,0,0.22744
1884,0,0.22695
1885,0,0.22144
1886,0,0.23209
1887,0,0.23511
1888,0,0.23039
1889,0,0.23025
1890,0,0.23003
1891,0,0.22144
1892,0,0.22144
1893,0,0.22997
1894,0,0.23057
1895,0,0.22144
1896,0,0.23340
1897,0,0.25522
1898,0,0.25522
1899,0,0.22144
1900,0,0.25522
1901,0,0.25522
1902,0,0.22953
1903,0,0.25522
1904,0,0.22752
1905,0,0.25603
1906,0,0.25522
1907,0,0.22969
1908,0,0.25787
1909,0,0.22840
