# GeoID, y_pred, y_predprob
1,1,0.72000
2,1,0.73000
3,0,0.17000
4,0,0.12000
5,1,0.82000
6,0,0.46000
7,0,0.06000
8,0,0.18000
9,1,0.65000
10,0,0.11000
11,0,0.11000
12,1,0.60000
13,1,0.91000
14,1,0.95000
15,1,0.80000
16,0,0.35000
17,0,0.04000
18,1,0.92000
19,0,0.29000
20,1,0.79000
21,0,0.16000
22,1,0.59000
23,0,0.04000
24,0,0.08000
25,0,0.08000
26,0,0.09000
27,1,0.62000
28,0,0.03000
29,0,0.04000
30,0,0.22000
31,1,0.87000
32,0,0.10000
33,0,0.07000
34,0,0.03000
35,0,0.08000
36,0,0.10000
37,0,0.14000
38,0,0.28000
39,1,0.66000
40,1,0.58000
41,0,0.13000
42,1,0.84000
43,0,0.11000
44,1,0.94000
45,0,0.23000
46,0,0.15000
47,1,0.69000
48,0,0.29000
49,1,0.63000
50,0,0.07000
51,0,0.07000
52,1,0.59000
53,0,0.17000
54,0,0.35000
55,0,0.30000
56,0,0.05000
57,0,0.35000
58,0,0.13000
59,1,0.69000
60,0,0.05000
61,0,0.06000
62,0,0.32000
63,0,0.10000
64,0,0.20000
65,0,0.09000
66,0,0.01000
67,0,0.17000
68,0,0.10000
69,0,0.28000
70,0,0.04000
71,1,0.55000
72,0,0.09000
73,0,0.18000
74,1,0.56000
75,0,0.06000
76,0,0.34000
77,0,0.07000
78,0,0.03000
79,0,0.16000
80,0,0.04000
81,1,0.78000
82,0,0.05000
83,1,0.75000
84,0,0.11000
85,0,0.07000
86,0,0.37000
87,0,0.09000
88,0,0.07000
89,0,0.10000
90,0,0.44000
91,0,0.08000
92,0,0.17000
93,0,0.27000
94,0,0.23000
95,0,0.09000
96,1,0.55000
97,0,0.25000
98,1,0.89000
99,0,0.24000
100,0,0.14000
101,1,0.71000
102,0,0.07000
103,0,0.32000
104,0,0.20000
105,0,0.14000
106,0,0.10000
107,0,0.10000
108,0,0.16000
109,0,0.35000
110,0,0.02000
111,0,0.22000
112,0,0.04000
113,0,0.40000
114,0,0.09000
115,0,0.04000
116,0,0.08000
117,0,0.41000
118,0,0.48000
119,0,0.11000
120,0,0.01000
121,1,0.82000
122,0,0.06000
123,1,0.58000
124,0,0.01000
125,1,0.54000
126,0,0.07000
127,0,0.46000
128,0,0.04000
129,0,0.13000
130,0,0.13000
131,0,0.02000
132,0,0.03000
133,0,0.37000
134,0,0.09000
135,0,0.20000
136,0,0.06000
137,0,0.21000
138,0,0.32000
139,0,0.11000
140,0,0.07000
141,0,0.26000
142,0,0.43000
143,1,0.53000
144,1,0.54000
145,0,0.05000
146,1,0.68000
147,0,0.44000
148,1,0.61000
149,0,0.05000
150,0,0.14000
151,0,0.32000
152,1,0.73000
153,0,0.05000
154,0,0.25000
155,0,0.06000
156,0,0.05000
157,1,0.86000
158,1,0.57000
159,0,0.30000
160,0,0.03000
161,0,0.19000
162,0,0.25000
163,0,0.20000
164,0,0.10000
165,0,0.09000
166,1,0.54000
167,1,0.77000
168,0,0.07000
169,1,0.91000
170,1,0.55000
171,0,0.06000
172,0,0.20000
173,0,0.37000
174,0,0.05000
175,0,0.17000
176,0,0.17000
177,0,0.08000
178,0,0.05000
179,0,0.29000
180,0,0.49000
181,0,0.44000
182,0,0.05000
183,1,0.89000
184,1,0.83000
185,1,0.66000
186,0,0.08000
187,0,0.03000
188,1,0.56000
189,0,0.03000
190,0,0.14000
191,0,0.07000
192,0,0.05000
193,0,0.26000
194,0,0.00000
195,0,0.09000
196,0,0.41000
197,1,0.71000
198,1,0.79000
199,1,0.58000
200,1,0.61000
201,0,0.17000
202,1,0.72000
203,0,0.46000
204,1,0.56000
205,0,0.12000
206,0,0.14000
207,0,0.05000
208,0,0.15000
209,0,0.41000
210,0,0.16000
211,0,0.10000
212,0,0.13000
213,1,0.67000
214,0,0.40000
215,0,0.19000
216,0,0.32000
217,0,0.49000
218,0,0.04000
219,0,0.30000
220,0,0.13000
221,0,0.15000
222,0,0.28000
223,0,0.24000
224,0,0.05000
225,0,0.11000
226,0,0.20000
227,0,0.20000
228,1,0.79000
229,1,0.60000
230,1,0.73000
231,0,0.19000
232,0,0.46000
233,0,0.11000
234,1,0.83000
235,1,0.58000
236,0,0.27000
237,1,0.79000
238,0,0.28000
239,1,0.70000
240,1,0.93000
241,1,0.51000
242,1,0.93000
243,1,0.77000
244,0,0.09000
245,0,0.22000
246,1,0.94000
247,0,0.24000
248,1,0.75000
249,1,0.64000
250,0,0.50000
251,1,0.80000
252,1,0.86000
253,1,0.95000
254,1,0.73000
255,0,0.38000
256,0,0.10000
257,0,0.06000
258,1,0.85000
259,1,0.77000
260,1,0.95000
261,1,0.86000
262,1,0.86000
263,0,0.21000
264,0,0.08000
265,1,0.89000
266,0,0.04000
267,1,0.88000
268,0,0.18000
269,0,0.04000
270,0,0.13000
271,0,0.08000
272,0,0.11000
273,1,0.86000
274,0,0.04000
275,1,0.80000
276,1,0.86000
277,1,0.72000
278,1,0.73000
279,1,0.94000
280,1,0.97000
281,1,0.83000
282,0,0.32000
283,1,0.77000
284,0,0.35000
285,0,0.30000
286,1,0.84000
287,1,0.92000
288,0,0.44000
289,1,0.84000
290,1,0.80000
291,0,0.49000
292,0,0.10000
293,0,0.07000
294,0,0.09000
295,0,0.18000
296,0,0.02000
297,0,0.29000
298,0,0.19000
299,0,0.15000
300,0,0.47000
301,0,0.19000
302,0,0.26000
303,0,0.48000
304,1,0.86000
305,0,0.29000
306,0,0.12000
307,0,0.09000
308,1,0.66000
309,0,0.05000
310,0,0.20000
311,0,0.25000
312,0,0.31000
313,1,0.59000
314,1,0.86000
315,1,0.61000
316,0,0.22000
317,0,0.07000
318,0,0.09000
319,0,0.08000
320,0,0.12000
321,0,0.10000
322,0,0.08000
323,0,0.17000
324,0,0.14000
325,0,0.12000
326,0,0.11000
327,0,0.31000
328,1,0.65000
329,0,0.40000
330,0,0.00000
331,0,0.40000
332,0,0.03000
333,0,0.21000
334,0,0.15000
335,1,0.84000
336,0,0.07000
337,1,0.91000
338,0,0.04000
339,0,0.09000
340,0,0.23000
341,0,0.12000
342,0,0.04000
343,1,0.53000
344,0,0.02000
345,0,0.01000
346,0,0.02000
347,0,0.09000
348,1,0.94000
349,0,0.05000
350,0,0.00000
351,0,0.04000
352,0,0.43000
353,0,0.03000
354,0,0.26000
355,0,0.05000
356,1,0.80000
357,0,0.21000
358,0,0.50000
359,0,0.17000
360,0,0.04000
361,0,0.13000
362,0,0.05000
363,0,0.08000
364,0,0.08000
365,0,0.15000
366,0,0.16000
367,1,0.73000
368,0,0.03000
369,0,0.07000
370,0,0.08000
371,0,0.02000
372,0,0.06000
373,0,0.03000
374,0,0.01000
375,0,0.14000
376,0,0.20000
377,0,0.16000
378,1,0.74000
379,0,0.19000
380,0,0.06000
381,0,0.12000
382,0,0.05000
383,1,0.62000
384,0,0.15000
385,1,0.58000
386,0,0.10000
387,0,0.01000
388,0,0.32000
389,0,0.02000
390,0,0.07000
391,0,0.05000
392,1,0.87000
393,0,0.07000
394,0,0.01000
395,0,0.01000
396,0,0.23000
397,0,0.42000
398,0,0.28000
399,0,0.05000
400,0,0.05000
401,0,0.06000
402,0,0.18000
403,0,0.03000
404,0,0.05000
405,0,0.26000
406,0,0.48000
407,0,0.48000
408,0,0.11000
409,1,0.51000
410,1,0.74000
411,1,0.92000
412,0,0.04000
413,0,0.33000
414,0,0.37000
415,0,0.42000
416,0,0.10000
417,0,0.47000
418,0,0.05000
419,0,0.12000
420,0,0.24000
421,0,0.19000
422,1,0.56000
423,0,0.23000
424,0,0.12000
425,1,0.51000
426,0,0.10000
427,1,0.73000
428,0,0.43000
429,0,0.01000
430,1,0.85000
431,0,0.19000
432,1,0.90000
433,1,1.00000
434,0,0.23000
435,0,0.37000
436,0,0.10000
437,1,0.57000
438,1,0.53000
439,0,0.01000
440,0,0.11000
441,0,0.22000
442,0,0.20000
443,0,0.09000
444,1,0.94000
445,0,0.12000
446,0,0.10000
447,0,0.28000
448,0,0.08000
449,0,0.25000
450,1,0.94000
451,0,0.06000
452,0,0.07000
453,0,0.31000
454,0,0.40000
455,1,0.52000
456,0,0.05000
457,0,0.02000
458,1,0.89000
459,0,0.04000
460,0,0.14000
461,1,0.75000
462,0,0.05000
463,0,0.21000
464,0,0.18000
465,1,0.90000
466,1,0.66000
467,1,0.89000
468,0,0.27000
469,0,0.08000
470,1,0.54000
471,1,0.98000
472,0,0.24000
473,0,0.19000
474,0,0.08000
475,0,0.18000
476,1,0.74000
477,0,0.48000
478,0,0.19000
479,0,0.25000
480,0,0.38000
481,0,0.32000
482,0,0.04000
483,1,0.92000
484,0,0.12000
485,0,0.13000
486,0,0.31000
487,0,0.40000
488,0,0.21000
489,0,0.19000
490,1,0.90000
491,1,0.83000
492,0,0.05000
493,0,0.08000
494,0,0.35000
495,0,0.42000
496,0,0.39000
497,0,0.42000
498,1,0.79000
499,0,0.07000
500,0,0.31000
501,0,0.23000
502,1,0.91000
503,0,0.21000
504,0,0.42000
505,1,0.85000
506,0,0.31000
507,1,0.96000
508,1,0.94000
509,0,0.02000
510,0,0.19000
511,1,0.96000
512,0,0.10000
513,0,0.38000
514,1,0.65000
515,0,0.10000
516,0,0.06000
517,0,0.41000
518,0,0.13000
519,0,0.06000
520,0,0.37000
521,0,0.06000
522,0,0.33000
523,0,0.40000
524,0,0.07000
525,0,0.07000
526,1,0.64000
527,0,0.12000
528,1,0.89000
529,1,0.57000
530,0,0.04000
531,0,0.08000
532,0,0.12000
533,0,0.33000
534,1,0.84000
535,1,0.63000
536,0,0.30000
537,1,0.75000
538,0,0.42000
539,1,0.93000
540,1,0.76000
541,1,0.56000
542,0,0.03000
543,0,0.35000
544,1,0.86000
545,0,0.14000
546,1,0.76000
547,0,0.14000
548,0,0.47000
549,1,0.73000
550,0,0.02000
551,0,0.04000
552,0,0.04000
553,0,0.06000
554,0,0.09000
555,0,0.45000
556,1,0.69000
557,0,0.50000
558,0,0.24000
559,1,0.78000
560,1,0.78000
561,0,0.09000
562,0,0.12000
563,0,0.15000
564,0,0.09000
565,1,0.96000
566,1,0.85000
567,1,0.88000
568,0,0.36000
569,0,0.16000
570,0,0.09000
571,0,0.46000
572,1,0.74000
573,0,0.05000
574,0,0.03000
575,0,0.02000
576,0,0.05000
577,0,0.35000
578,0,0.14000
579,1,0.73000
580,1,0.90000
581,1,0.77000
582,0,0.33000
583,0,0.13000
584,0,0.04000
585,0,0.31000
586,0,0.07000
587,0,0.44000
588,0,0.05000
589,0,0.09000
590,0,0.14000
591,1,0.82000
592,1,0.91000
593,1,0.58000
594,1,0.57000
595,1,0.85000
596,0,0.08000
597,0,0.20000
598,0,0.41000
599,0,0.11000
600,0,0.29000
601,0,0.07000
602,1,0.84000
603,1,0.92000
604,0,0.20000
605,1,0.76000
606,0,0.11000
607,0,0.12000
608,0,0.06000
609,0,0.20000
610,0,0.16000
611,0,0.08000
612,0,0.09000
613,1,0.95000
614,1,0.51000
615,0,0.05000
616,0,0.04000
617,0,0.04000
618,1,0.66000
619,1,0.95000
620,1,0.88000
621,1,0.66000
622,0,0.37000
623,1,0.59000
624,1,0.87000
625,0,0.28000
626,0,0.45000
627,1,0.61000
628,0,0.29000
629,0,0.05000
630,0,0.05000
631,1,0.80000
632,0,0.14000
633,1,0.85000
634,1,0.86000
635,0,0.03000
636,1,0.82000
637,0,0.41000
638,1,0.91000
639,1,0.70000
640,1,0.92000
641,0,0.12000
642,0,0.41000
643,1,0.94000
644,0,0.27000
645,0,0.04000
646,0,0.20000
647,0,0.05000
648,0,0.31000
649,0,0.06000
650,1,0.67000
651,1,0.88000
652,1,0.95000
653,0,0.11000
654,0,0.13000
655,1,0.63000
656,0,0.30000
657,1,0.92000
658,0,0.09000
659,1,0.95000
660,1,0.71000
661,0,0.04000
662,0,0.01000
663,0,0.04000
664,1,0.61000
665,0,0.07000
666,0,0.10000
667,1,0.64000
668,1,0.80000
669,1,0.67000
670,0,0.04000
671,0,0.06000
672,1,0.51000
673,0,0.06000
674,0,0.16000
675,0,0.44000
676,0,0.06000
677,0,0.11000
678,1,0.84000
679,0,0.07000
680,0,0.31000
681,0,0.29000
682,1,0.60000
683,1,0.67000
684,1,0.92000
685,1,0.74000
686,0,0.13000
687,0,0.34000
688,1,0.91000
689,1,0.58000
690,1,0.84000
691,1,0.82000
692,1,0.82000
693,1,0.64000
694,0,0.12000
695,0,0.02000
696,0,0.11000
697,0,0.47000
698,1,0.84000
699,0,0.28000
700,0,0.21000
701,0,0.43000
702,0,0.09000
703,1,0.54000
704,1,0.94000
705,0,0.39000
706,0,0.08000
707,1,0.87000
708,1,0.79000
709,0,0.02000
710,1,0.95000
711,0,0.04000
712,0,0.13000
713,0,0.07000
714,1,0.84000
715,0,0.10000
716,1,0.91000
717,1,0.64000
718,0,0.05000
719,0,0.16000
720,0,0.50000
721,1,0.86000
722,1,0.92000
723,1,0.61000
724,0,0.31000
725,0,0.17000
726,0,0.03000
727,1,0.65000
728,0,0.02000
729,1,0.63000
730,0,0.45000
731,0,0.07000
732,0,0.15000
733,0,0.06000
734,1,0.91000
735,0,0.11000
736,1,0.91000
737,0,0.17000
738,1,0.76000
739,0,0.17000
740,0,0.28000
741,1,0.88000
742,1,0.89000
743,0,0.11000
744,1,0.89000
745,1,0.79000
746,1,0.82000
747,0,0.26000
748,1,0.84000
749,0,0.38000
750,0,0.09000
751,0,0.48000
752,0,0.45000
753,1,0.56000
754,1,0.67000
755,1,0.71000
756,0,0.25000
757,1,0.79000
758,0,0.06000
759,0,0.10000
760,0,0.03000
761,1,0.66000
762,0,0.26000
763,0,0.13000
764,1,0.59000
765,1,0.68000
766,0,0.14000
767,0,0.09000
768,0,0.36000
769,0,0.31000
770,0,0.31000
771,0,0.14000
772,1,0.62000
773,0,0.13000
774,0,0.49000
775,1,0.78000
776,0,0.17000
777,1,0.67000
778,1,0.92000
779,0,0.30000
780,0,0.18000
781,0,0.27000
782,0,0.35000
783,0,0.36000
784,0,0.08000
785,0,0.15000
786,0,0.26000
787,0,0.32000
788,0,0.09000
789,0,0.07000
790,0,0.05000
791,0,0.07000
792,0,0.21000
793,0,0.02000
794,0,0.27000
795,0,0.33000
796,0,0.18000
797,0,0.12000
798,0,0.10000
799,0,0.08000
800,0,0.10000
801,0,0.08000
802,0,0.09000
803,0,0.07000
804,0,0.35000
805,1,0.83000
806,0,0.17000
807,1,0.55000
808,0,0.05000
809,0,0.26000
810,0,0.11000
811,1,0.83000
812,1,0.82000
813,0,0.10000
814,0,0.03000
815,0,0.12000
816,1,0.74000
817,0,0.25000
818,0,0.27000
819,0,0.27000
820,0,0.18000
821,0,0.04000
822,0,0.29000
823,0,0.42000
824,0,0.03000
825,0,0.27000
826,0,0.01000
827,0,0.48000
828,0,0.31000
829,0,0.17000
830,0,0.10000
831,0,0.22000
832,0,0.09000
833,0,0.05000
834,1,0.75000
835,0,0.16000
836,0,0.29000
837,0,0.13000
838,0,0.19000
839,0,0.34000
840,0,0.14000
841,1,0.75000
842,0,0.31000
843,0,0.29000
844,0,0.16000
845,1,0.86000
846,0,0.05000
847,0,0.14000
848,0,0.32000
849,0,0.08000
850,0,0.10000
851,0,0.06000
852,0,0.18000
853,0,0.01000
854,1,0.71000
855,1,0.93000
856,0,0.10000
857,0,0.17000
858,0,0.16000
859,0,0.07000
860,1,0.66000
861,0,0.08000
862,1,0.84000
863,0,0.28000
864,1,0.55000
865,0,0.06000
866,0,0.42000
867,0,0.07000
868,0,0.22000
869,0,0.21000
870,0,0.23000
871,0,0.36000
872,0,0.32000
873,0,0.34000
874,0,0.05000
875,0,0.18000
876,0,0.13000
877,1,0.67000
878,0,0.22000
879,0,0.33000
880,1,0.55000
881,0,0.23000
882,0,0.33000
883,0,0.03000
884,0,0.08000
885,0,0.23000
886,0,0.27000
887,1,0.94000
888,1,0.78000
889,0,0.31000
890,1,0.72000
891,0,0.05000
892,0,0.19000
893,1,0.81000
894,1,0.97000
895,1,0.63000
896,1,0.71000
897,1,0.85000
898,0,0.10000
899,0,0.23000
900,0,0.29000
901,1,0.81000
902,0,0.23000
903,0,0.13000
904,1,0.74000
905,1,0.72000
906,1,0.90000
907,0,0.27000
908,0,0.29000
909,0,0.16000
910,0,0.23000
911,0,0.26000
912,1,0.89000
913,0,0.26000
914,0,0.06000
915,0,0.10000
916,1,0.87000
917,0,0.13000
918,1,0.88000
919,0,0.06000
920,0,0.11000
921,0,0.20000
922,0,0.16000
923,0,0.20000
924,1,0.84000
925,1,0.90000
926,0,0.46000
927,0,0.22000
928,0,0.19000
929,0,0.15000
930,0,0.29000
931,0,0.09000
932,0,0.25000
933,0,0.37000
934,0,0.16000
935,0,0.08000
936,0,0.09000
937,1,0.73000
938,0,0.43000
939,1,0.64000
940,0,0.19000
941,0,0.14000
942,1,0.51000
943,1,0.83000
944,1,0.90000
945,0,0.18000
946,0,0.46000
947,1,0.95000
948,1,0.78000
949,0,0.13000
950,0,0.46000
951,0,0.32000
952,1,0.81000
953,1,0.71000
954,0,0.12000
955,0,0.36000
956,0,0.04000
957,0,0.29000
958,0,0.44000
959,1,0.82000
960,0,0.20000
961,0,0.12000
962,0,0.26000
963,0,0.13000
964,1,0.56000
965,1,0.64000
966,1,0.67000
967,0,0.50000
968,0,0.17000
969,0,0.14000
970,0,0.09000
971,0,0.40000
972,1,0.90000
973,1,0.99000
974,1,0.91000
975,1,0.87000
976,1,0.86000
977,1,0.97000
978,1,0.75000
979,1,0.73000
980,1,0.59000
981,0,0.18000
982,1,0.96000
983,0,0.41000
984,0,0.38000
985,0,0.04000
986,1,0.76000
987,1,0.57000
988,1,0.84000
989,0,0.06000
990,0,0.14000
991,0,0.46000
992,0,0.12000
993,1,0.85000
994,0,0.11000
995,1,0.67000
996,1,0.73000
997,0,0.36000
998,1,0.83000
999,0,0.17000
1000,0,0.02000
1001,0,0.02000
1002,0,0.16000
1003,0,0.07000
1004,0,0.31000
1005,0,0.11000
1006,0,0.04000
1007,0,0.32000
1008,0,0.09000
1009,0,0.41000
1010,0,0.15000
1011,1,0.91000
1012,0,0.09000
1013,0,0.03000
1014,0,0.11000
1015,0,0.50000
1016,0,0.08000
1017,0,0.07000
1018,1,0.85000
1019,0,0.04000
1020,0,0.17000
1021,1,0.86000
1022,0,0.14000
1023,1,0.97000
1024,0,0.01000
1025,0,0.16000
1026,0,0.31000
1027,0,0.13000
1028,0,0.09000
1029,0,0.05000
1030,0,0.13000
1031,0,0.09000
1032,0,0.06000
1033,0,0.23000
1034,0,0.25000
1035,0,0.19000
1036,1,0.81000
1037,0,0.22000
1038,0,0.07000
1039,1,0.98000
1040,0,0.17000
1041,1,0.90000
1042,1,0.94000
1043,0,0.09000
1044,0,0.07000
1045,0,0.09000
1046,1,0.59000
1047,0,0.33000
1048,0,0.30000
1049,0,0.05000
1050,1,0.56000
1051,0,0.42000
1052,0,0.02000
1053,1,0.79000
1054,0,0.16000
1055,1,0.53000
1056,0,0.14000
1057,1,0.65000
1058,0,0.12000
1059,0,0.16000
1060,0,0.13000
1061,0,0.26000
1062,0,0.19000
1063,0,0.09000
1064,0,0.35000
1065,1,0.69000
1066,1,0.94000
1067,1,0.71000
1068,0,0.17000
1069,0,0.35000
1070,1,0.91000
1071,1,0.80000
1072,0,0.16000
1073,0,0.42000
1074,0,0.11000
1075,1,0.84000
1076,0,0.37000
1077,0,0.31000
1078,1,0.91000
1079,0,0.11000
1080,1,0.67000
1081,1,0.56000
1082,0,0.26000
1083,0,0.15000
1084,0,0.09000
1085,0,0.17000
1086,0,0.30000
1087,1,0.63000
1088,0,0.36000
1089,0,0.35000
1090,0,0.45000
1091,0,0.01000
1092,0,0.17000
1093,0,0.08000
1094,0,0.35000
1095,0,0.16000
1096,0,0.10000
1097,0,0.21000
1098,0,0.12000
1099,1,0.87000
1100,0,0.15000
1101,0,0.19000
1102,0,0.40000
1103,0,0.24000
1104,1,0.55000
1105,0,0.13000
1106,0,0.09000
1107,0,0.09000
1108,0,0.07000
1109,1,0.64000
1110,0,0.02000
1111,0,0.11000
1112,0,0.13000
1113,0,0.08000
1114,0,0.22000
1115,0,0.04000
1116,0,0.14000
1117,0,0.09000
1118,0,0.04000
1119,0,0.04000
1120,0,0.10000
1121,0,0.09000
1122,0,0.06000
1123,0,0.15000
1124,0,0.17000
1125,0,0.17000
1126,0,0.19000
1127,0,0.15000
1128,0,0.39000
1129,0,0.17000
1130,0,0.08000
1131,0,0.10000
1132,0,0.05000
1133,1,0.57000
1134,0,0.19000
1135,1,0.54000
1136,0,0.26000
1137,1,0.64000
1138,0,0.43000
1139,0,0.15000
1140,1,0.77000
1141,0,0.41000
1142,1,0.76000
1143,1,0.95000
1144,1,0.82000
1145,1,0.84000
1146,1,0.55000
1147,1,0.82000
1148,1,0.79000
1149,1,0.58000
1150,0,0.47000
1151,1,0.66000
1152,0,0.18000
1153,1,0.99000
1154,1,0.85000
1155,1,0.60000
1156,0,0.02000
1157,0,0.36000
1158,0,0.26000
1159,1,0.72000
1160,1,0.86000
1161,1,0.95000
1162,0,0.20000
1163,1,0.79000
1164,0,0.10000
1165,1,0.81000
1166,0,0.06000
1167,0,0.24000
1168,0,0.28000
1169,0,0.03000
1170,0,0.33000
1171,0,0.39000
1172,0,0.01000
1173,0,0.30000
1174,0,0.07000
1175,1,0.58000
1176,1,0.64000
1177,0,0.08000
1178,1,0.79000
1179,0,0.19000
1180,0,0.11000
1181,0,0.09000
1182,0,0.13000
1183,0,0.08000
1184,1,0.58000
1185,1,0.82000
1186,0,0.18000
1187,0,0.11000
1188,1,0.61000
1189,0,0.03000
1190,0,0.04000
1191,0,0.08000
1192,1,0.91000
1193,1,0.95000
1194,1,0.75000
1195,0,0.03000
1196,0,0.03000
1197,0,0.19000
1198,1,0.91000
1199,1,0.75000
1200,0,0.18000
1201,0,0.13000
1202,1,0.89000
1203,0,0.08000
1204,0,0.14000
1205,0,0.17000
1206,1,0.90000
1207,0,0.12000
1208,0,0.25000
1209,1,0.56000
1210,0,0.46000
1211,0,0.48000
1212,0,0.49000
1213,0,0.28000
1214,0,0.42000
1215,0,0.18000
1216,1,0.64000
1217,1,0.82000
1218,1,0.52000
1219,1,0.62000
1220,1,0.55000
1221,0,0.26000
1222,0,0.14000
1223,1,0.65000
1224,1,0.89000
1225,0,0.25000
1226,0,0.10000
1227,0,0.37000
1228,0,0.38000
1229,1,0.75000
1230,0,0.35000
1231,0,0.13000
1232,0,0.07000
1233,0,0.21000
1234,0,0.12000
1235,0,0.09000
1236,0,0.29000
1237,0,0.17000
1238,1,0.65000
1239,1,0.84000
1240,1,0.96000
1241,0,0.26000
1242,1,0.67000
1243,0,0.19000
1244,0,0.17000
1245,0,0.30000
1246,0,0.46000
1247,0,0.14000
1248,0,0.26000
1249,1,0.82000
1250,0,0.38000
1251,0,0.06000
1252,1,0.75000
1253,0,0.04000
1254,0,0.24000
1255,0,0.08000
1256,1,0.96000
1257,1,0.77000
1258,1,0.92000
1259,0,0.02000
1260,0,0.28000
1261,1,0.88000
1262,0,0.23000
1263,1,0.55000
1264,0,0.15000
1265,1,0.92000
1266,1,0.89000
1267,1,0.86000
1268,1,0.86000
1269,0,0.12000
1270,1,0.89000
1271,0,0.07000
1272,1,0.93000
1273,1,0.94000
1274,0,0.44000
1275,1,0.93000
1276,1,0.53000
1277,1,0.94000
1278,1,0.88000
1279,0,0.08000
1280,1,0.96000
1281,1,0.71000
1282,1,0.90000
1283,1,0.97000
1284,0,0.17000
1285,0,0.10000
1286,0,0.05000
1287,0,0.36000
1288,1,0.98000
1289,1,0.90000
1290,1,0.85000
1291,0,0.14000
1292,0,0.10000
1293,0,0.15000
1294,0,0.06000
1295,0,0.39000
1296,0,0.38000
1297,0,0.07000
1298,0,0.18000
1299,0,0.34000
1300,0,0.14000
1301,1,1.00000
1302,0,0.19000
1303,1,0.82000
1304,0,0.06000
1305,0,0.05000
1306,1,0.94000
1307,1,0.78000
1308,0,0.09000
1309,0,0.21000
1310,0,0.40000
1311,0,0.06000
1312,0,0.23000
1313,1,0.80000
1314,0,0.37000
1315,0,0.12000
1316,0,0.09000
1317,0,0.15000
1318,0,0.33000
1319,1,0.51000
1320,1,0.90000
1321,0,0.10000
1322,1,0.89000
1323,0,0.25000
1324,1,0.88000
1325,0,0.10000
1326,0,0.10000
1327,1,0.91000
1328,1,0.93000
1329,1,0.89000
1330,1,0.57000
1331,1,0.91000
1332,0,0.15000
1333,1,0.74000
1334,0,0.10000
1335,0,0.27000
1336,0,0.18000
1337,1,0.89000
1338,1,0.96000
1339,0,0.24000
1340,1,0.78000
1341,1,0.91000
1342,0,0.25000
1343,0,0.12000
1344,1,0.82000
1345,0,0.06000
1346,1,1.00000
1347,1,0.90000
1348,1,0.64000
1349,0,0.37000
1350,1,0.97000
1351,0,0.03000
1352,0,0.08000
1353,0,0.12000
1354,1,0.94000
1355,0,0.39000
1356,1,0.93000
1357,0,0.15000
1358,1,0.92000
1359,1,0.77000
1360,0,0.30000
1361,1,0.98000
1362,0,0.40000
1363,0,0.15000
1364,0,0.05000
1365,0,0.33000
1366,0,0.21000
1367,0,0.22000
1368,1,0.72000
1369,1,0.67000
1370,0,0.16000
1371,0,0.25000
1372,0,0.26000
1373,1,0.93000
1374,0,0.17000
1375,0,0.19000
1376,1,0.80000
1377,0,0.12000
1378,1,0.92000
1379,0,0.32000
1380,1,1.00000
1381,0,0.09000
1382,1,0.74000
1383,0,0.11000
1384,0,0.15000
1385,0,0.24000
1386,1,0.70000
1387,1,0.87000
1388,0,0.49000
1389,0,0.09000
1390,0,0.09000
1391,0,0.25000
1392,0,0.10000
1393,1,0.82000
1394,0,0.23000
1395,0,0.20000
1396,1,0.58000
1397,1,0.51000
1398,0,0.17000
1399,1,0.94000
1400,1,0.94000
1401,1,0.78000
1402,0,0.23000
1403,1,0.90000
1404,1,0.86000
1405,1,0.94000
1406,0,0.10000
1407,1,0.79000
1408,0,0.14000
1409,0,0.13000
1410,0,0.09000
1411,0,0.09000
1412,0,0.14000
1413,0,0.22000
1414,1,0.64000
1415,0,0.09000
1416,0,0.04000
1417,0,0.42000
1418,1,0.92000
1419,0,0.07000
1420,0,0.30000
1421,1,0.98000
1422,0,0.20000
1423,1,0.93000
1424,1,0.85000
1425,0,0.44000
1426,0,0.27000
1427,1,0.93000
1428,1,0.89000
1429,1,0.87000
1430,1,0.55000
1431,0,0.43000
1432,1,0.82000
1433,1,0.86000
1434,0,0.05000
1435,0,0.45000
1436,0,0.27000
1437,1,0.95000
1438,1,0.93000
1439,1,0.97000
1440,1,0.53000
1441,1,0.97000
1442,1,0.95000
1443,1,0.82000
1444,1,0.58000
1445,0,0.19000
1446,1,0.94000
1447,1,0.94000
1448,1,0.87000
1449,1,1.00000
1450,1,0.89000
1451,1,0.57000
1452,1,0.89000
1453,0,0.29000
1454,1,0.81000
1455,1,0.91000
1456,1,0.92000
1457,1,0.76000
1458,1,0.92000
1459,0,0.37000
1460,0,0.18000
1461,1,0.96000
1462,0,0.18000
1463,0,0.33000
1464,1,0.91000
1465,1,0.95000
1466,1,0.97000
1467,1,0.99000
1468,1,0.67000
1469,1,0.98000
1470,1,0.98000
1471,1,0.84000
1472,1,0.94000
1473,0,0.38000
1474,0,0.16000
1475,1,0.95000
1476,1,0.97000
1477,1,0.98000
1478,1,0.98000
1479,1,0.91000
1480,1,0.77000
1481,0,0.43000
1482,1,0.95000
1483,1,0.88000
1484,1,0.86000
1485,1,0.91000
1486,1,0.89000
1487,0,0.23000
1488,1,0.97000
1489,0,0.20000
1490,1,0.83000
1491,1,0.84000
1492,1,0.86000
1493,1,0.85000
1494,0,0.18000
1495,1,0.96000
1496,1,0.87000
1497,1,0.98000
1498,1,0.99000
1499,1,0.95000
1500,1,0.70000
1501,1,0.81000
1502,1,0.85000
1503,1,0.91000
1504,1,0.77000
1505,1,0.92000
1506,1,0.61000
1507,1,0.84000
1508,1,0.99000
1509,1,0.94000
1510,1,0.56000
1511,1,0.97000
1512,1,0.98000
1513,1,0.89000
1514,1,0.91000
1515,1,0.91000
1516,1,0.98000
1517,1,0.99000
1518,1,0.98000
1519,1,0.95000
1520,1,0.84000
1521,0,0.14000
1522,1,0.93000
1523,0,0.15000
1524,0,0.50000
1525,1,0.84000
1526,1,0.96000
1527,1,0.65000
1528,1,0.82000
1529,1,0.96000
1530,1,0.85000
1531,1,0.97000
1532,1,0.94000
1533,0,0.14000
1534,1,0.75000
1535,1,0.95000
1536,1,0.99000
1537,1,0.75000
1538,1,0.83000
1539,1,0.91000
1540,1,0.92000
1541,0,0.23000
1542,1,0.89000
1543,0,0.18000
1544,0,0.15000
1545,1,0.97000
1546,1,0.87000
1547,1,0.99000
1548,1,0.95000
1549,1,0.97000
1550,1,0.99000
1551,1,1.00000
1552,1,0.97000
1553,1,0.94000
1554,1,0.83000
1555,0,0.48000
1556,1,0.94000
1557,1,0.69000
1558,1,0.99000
1559,0,0.06000
1560,1,0.88000
1561,1,0.92000
1562,1,0.97000
1563,0,0.29000
1564,0,0.15000
1565,0,0.16000
1566,1,0.72000
1567,0,0.16000
1568,1,0.86000
1569,1,0.96000
1570,1,1.00000
1571,0,0.40000
1572,0,0.36000
1573,1,0.77000
1574,1,0.81000
1575,1,0.97000
1576,0,0.06000
1577,0,0.05000
1578,0,0.11000
1579,0,0.13000
1580,0,0.14000
1581,1,0.73000
1582,1,0.74000
1583,1,0.93000
1584,1,0.98000
1585,1,0.94000
1586,1,0.84000
1587,0,0.30000
1588,1,0.70000
1589,1,0.96000
1590,0,0.29000
1591,1,0.91000
1592,1,0.55000
1593,0,0.26000
1594,1,0.93000
1595,0,0.29000
1596,0,0.19000
1597,1,0.84000
1598,0,0.35000
1599,1,0.95000
1600,0,0.09000
1601,1,0.91000
1602,0,0.30000
1603,1,0.73000
1604,1,0.78000
1605,1,0.81000
1606,0,0.06000
1607,0,0.36000
1608,1,0.87000
1609,0,0.29000
1610,0,0.11000
1611,0,0.35000
1612,0,0.23000
1613,0,0.20000
1614,0,0.05000
1615,0,0.25000
1616,1,0.84000
1617,1,0.98000
1618,1,0.83000
1619,1,0.95000
1620,1,0.63000
1621,1,0.83000
1622,1,0.95000
1623,1,0.81000
1624,1,0.99000
1625,1,0.97000
1626,0,0.50000
1627,1,0.96000
1628,0,0.22000
1629,1,0.64000
1630,0,0.05000
1631,1,0.81000
1632,1,0.96000
1633,0,0.25000
1634,0,0.22000
1635,1,0.66000
1636,1,1.00000
1637,0,0.03000
1638,0,0.09000
1639,1,0.99000
1640,0,0.06000
1641,1,0.95000
1642,0,0.10000
1643,0,0.06000
1644,1,0.81000
1645,1,0.85000
1646,1,0.98000
1647,0,0.45000
1648,1,0.94000
1649,1,0.93000
1650,1,0.88000
1651,1,0.52000
1652,0,0.27000
1653,0,0.05000
1654,1,0.61000
1655,0,0.35000
1656,1,0.93000
1657,0,0.15000
1658,0,0.31000
1659,1,0.77000
1660,0,0.23000
1661,1,0.81000
1662,1,0.99000
1663,1,0.93000
1664,0,0.18000
1665,0,0.46000
1666,0,0.08000
1667,0,0.10000
1668,1,0.99000
1669,0,0.33000
1670,1,0.94000
1671,1,0.63000
1672,1,0.91000
1673,1,0.84000
1674,1,0.91000
1675,1,0.78000
1676,0,0.16000
1677,1,0.89000
1678,1,0.61000
1679,0,0.07000
1680,0,0.15000
1681,0,0.39000
1682,0,0.07000
1683,0,0.41000
1684,1,0.94000
1685,1,0.96000
1686,0,0.30000
1687,0,0.07000
1688,0,0.25000
1689,0,0.47000
1690,1,0.86000
1691,1,0.97000
1692,0,0.07000
1693,1,0.86000
1694,1,0.95000
1695,0,0.22000
1696,0,0.26000
1697,0,0.17000
1698,0,0.21000
1699,0,0.33000
1700,1,0.87000
1701,0,0.20000
1702,0,0.19000
1703,1,0.82000
1704,0,0.12000
1705,0,0.11000
1706,1,0.94000
1707,0,0.22000
1708,0,0.36000
1709,1,0.94000
1710,0,0.10000
1711,1,0.90000
1712,1,0.86000
1713,0,0.36000
1714,0,0.08000
1715,1,0.84000
1716,1,0.83000
1717,0,0.25000
1718,1,0.63000
1719,1,0.94000
1720,1,0.94000
1721,0,0.20000
1722,0,0.23000
1723,1,0.77000
1724,1,0.53000
1725,0,0.22000
1726,1,0.77000
1727,0,0.21000
1728,0,0.18000
1729,0,0.10000
1730,1,0.95000
1731,0,0.49000
1732,0,0.47000
1733,0,0.39000
1734,1,0.79000
1735,0,0.38000
1736,1,0.53000
1737,1,0.72000
1738,1,0.95000
1739,1,0.85000
1740,0,0.08000
1741,0,0.05000
1742,1,0.82000
1743,1,0.79000
1744,1,0.97000
1745,1,0.62000
1746,1,1.00000
1747,0,0.32000
1748,0,0.19000
1749,0,0.18000
1750,0,0.25000
1751,0,0.22000
1752,1,0.78000
1753,0,0.24000
1754,0,0.43000
1755,0,0.38000
1756,1,0.80000
1757,0,0.32000
1758,0,0.13000
1759,0,0.43000
1760,0,0.10000
1761,0,0.09000
1762,0,0.38000
1763,1,0.80000
1764,0,0.30000
1765,0,0.40000
1766,0,0.28000
1767,0,0.31000
1768,1,0.97000
1769,0,0.18000
1770,0,0.07000
1771,0,0.20000
1772,0,0.25000
1773,1,0.90000
1774,0,0.25000
1775,0,0.12000
1776,0,0.11000
1777,0,0.05000
1778,0,0.28000
1779,0,0.05000
1780,1,0.96000
1781,0,0.15000
1782,0,0.32000
1783,1,0.89000
1784,1,0.88000
1785,1,0.98000
1786,0,0.05000
1787,0,0.05000
1788,0,0.21000
1789,1,0.60000
1790,0,0.07000
1791,0,0.04000
1792,0,0.25000
1793,0,0.02000
1794,1,0.98000
1795,0,0.28000
1796,0,0.11000
1797,0,0.25000
1798,1,0.83000
1799,0,0.04000
1800,0,0.16000
1801,0,0.20000
1802,1,0.60000
1803,0,0.08000
1804,0,0.22000
1805,1,0.96000
1806,0,0.08000
1807,0,0.35000
1808,1,0.92000
1809,1,0.81000
1810,0,0.05000
1811,1,0.65000
1812,1,0.98000
1813,0,0.06000
1814,0,0.35000
1815,0,0.05000
1816,1,0.97000
1817,0,0.05000
1818,0,0.12000
1819,0,0.13000
1820,0,0.15000
1821,0,0.09000
1822,0,0.10000
1823,0,0.09000
1824,0,0.46000
1825,0,0.22000
1826,1,0.93000
1827,1,0.94000
1828,1,0.97000
1829,0,0.17000
1830,0,0.15000
1831,1,0.57000
1832,1,0.78000
1833,1,0.66000
1834,0,0.27000
1835,0,0.24000
1836,1,0.86000
1837,0,0.00000
1838,0,0.13000
1839,0,0.20000
1840,1,0.92000
1841,1,0.74000
1842,1,0.84000
1843,0,0.14000
1844,1,0.86000
1845,0,0.41000
1846,1,0.91000
1847,0,0.20000
1848,1,0.74000
1849,0,0.11000
1850,0,0.37000
1851,0,0.28000
1852,0,0.30000
1853,1,0.92000
1854,1,0.93000
1855,1,0.83000
1856,1,0.79000
1857,1,0.90000
1858,1,0.66000
1859,1,0.86000
1860,1,0.93000
1861,1,0.92000
1862,1,0.91000
1863,1,0.91000
1864,0,0.05000
1865,0,0.29000
1866,1,0.68000
1867,0,0.07000
1868,0,0.03000
1869,0,0.33000
1870,0,0.17000
1871,0,0.04000
1872,1,0.75000
1873,0,0.48000
1874,1,0.95000
1875,1,0.88000
1876,1,0.72000
1877,0,0.21000
1878,1,0.88000
1879,1,0.87000
1880,1,0.56000
1881,1,0.66000
1882,1,0.70000
1883,1,0.91000
1884,0,0.39000
1885,1,0.71000
1886,1,0.77000
1887,0,0.44000
1888,1,0.70000
1889,1,0.94000
1890,1,0.93000
1891,1,0.80000
1892,1,0.72000
1893,1,0.61000
1894,1,0.59000
1895,0,0.26000
1896,1,0.76000
1897,1,0.67000
1898,0,0.12000
1899,1,0.95000
1900,0,0.09000
1901,1,0.77000
1902,1,0.56000
1903,0,0.06000
1904,0,0.17000
1905,1,0.58000
1906,0,0.31000
1907,1,0.62000
1908,0,0.32000
1909,1,0.61000
